1.2598	5.4439	-4.7992	-0.69066	-5.1756	7.2563	3.7343	2.9707	8.7447	2.2118	5.5731	4.3683	9.0872	6.0374	8.9193	9.6894	-7.2399	3.9818	6.1451	5.7831	-6.955	2.4713	2.0739	1.5671	5.6273	10.266	7.7615	7.9336	-6.8715	8.1178	5.7774	6.1556	6.1363	4.9224	3.9858	0.79341	-1.2629	7.38	4.8275	-2.8995	8.546	8.1496	-4.8998	0.92992	6.2389	-5.4948	3.2408	11.141	9.5837	2.4922	5.1057	6.5043	-3.029	3.584	7.2528	10.11	4.4459	7.8378	3.722	4.2713	7.239	-1.4488	9.3174	3.934	-0.20244	-2.5821	6.3876	4.5797	-3.6828	3.1849	-2.8924	3.634	9.7725	10.808	1.2597	1.3719	1.4488	11.107	1.515	8.3242	2.9732	0.92604	4.2143	6.1839	-7.1542	-3.2159	0.64984	-0.78761	-8.529	-0.96431	4.8461	3.1456	6.6888	3.5251	5.8413	5.6005	5.8059	-3.2569	7.4686	3.9808	4.1272	-2.5166	4.6373	8.8839	6.9868	3.9984	1.114	-7.9933	10.279	9.6561	9.8043	7.552	5.4911	5.0957	10.533	-0.86549	6.2318	6.8841	6.3277	4.1876	3.2652	-1.3275	6.1963	9.8691	8.0405	10.852	-0.58838	6.4677	9.724	-1.2896	1.2913	-5.6909	6.7298	7.088	3.4789	-3.8374	-3.2486	4.5344	-2.2744	8.1469	7.2928	7.9643	1.1712	3.1367	3.6999	9.8137	7.1253	0.66864	1.6915	9.6966	11.349	-1.6521	4.3908	2.5608	1.835	7.7542	4.8566	3.3445	-5.9092	10.848	6.1142	9.1322	4.9182	10.877	8.6873	5.8113	6.6951	2.7826	2.6288	6.2281	6.1571	3.105	-1.948	8.8442	2.6783	10.391	2.1622	8.8925	1.0527	6.0988	3.7875	8.0339	7.7757	-0.99426	8.4106	5.513	7.8248	4.1134	2.6995	-4.185	4.9414	5.0541	9.5391	10.821	1.4117	7.9975	-5.4376	-1.5342	-8.6517	11.056
5.4439	0.2353	-1.0539	-6.3404	2.114	2.6197	6.2197	-2.8782	-2.0982	-5.2192	5.5144	7.1534	4.3745	8.3169	7.376	8.5351	3.2841	-0.42949	1.5207	1.7099	7.7558	1.0616	5.1153	-5.8107	8.3189	2.6445	6.5596	10.459	7.4386	1.1633	10.767	0.38644	-9.4536	6.6091	2.9448	2.1249	-8.4277	1.7754	7.878	9.5219	2.9752	10.415	9.7083	2.0243	5.275	-4.1051	9.2159	7.0849	1.083	5.3551	9.6012	7.0685	8.6337	-3.6374	-0.23439	3.6585	8.816	0.068137	-8.9069	2.7625	6.7041	5.8631	0.73132	-2.0806	-8.4108	-3.4649	8.3727	-1.7951	7.5105	6.9247	-1.4641	-0.3618	-7.7135	-6.9187	8.347	6.0881	7.0461	-8.0804	2.8209	-3.3209	8.2603	1.3756	5.6421	6.6981	4.2729	4.0634	10.447	-0.99986	0.33205	1.4308	8.6027	2.9149	4.1215	-4.5841	-8.5077	4.653	7.7917	3.6032	10.292	-4.7878	-3.5088	0.8802	2.2557	3.7833	0.398	6.5931	8.493	-4.3428	5.2504	10.204	4.2535	3.6303	-2.6214	3.4444	6.706	4.9112	10.236	-1.0233	1.2209	5.5269	-0.57034	-8.4551	4.1508	6.229	6.2532	-2.3659	7.1122	-4.1001	4.7163	3.6259	2.7661	-1.5408	3.0769	10.454	5.1001	5.2698	-6.1277	7.7627	3.2089	6.0442	4.4502	8.5593	6.5762	2.2509	5.0002	6.3741	-4.1447	7.0203	1.085	6.9148	9.1509	6.5512	10.671	6.223	1.8001	6.0171	6.6618	5.3305	-8.3466	5.9724	6.9256	2.4157	2.8566	3.2584	1.8301	9.4596	0.13141	-8.5899	6.2719	10.402	7.5571	10.562	0.20818	9.7993	-3.1484	7.8534	5.6878	3.9771	10.153	-1.6622	-8.6172	0.69034	6.2993	9.3855	7.6195	10.278	-2.3871	9.5919	-9.0903	-6.6827	0.17854	1.1831	-1.0179	2.785	-6.3737	3.9224	7.3133	2.7086	4.4123	4.5166
-4.7992	-1.0539	0.63033	3.1171	9.3061	-1.69	5.8309	-3.4533	9.3918	-0.21212	6.3607	4.4046	1.7908	2.2575	-7.4688	6.8621	8.0207	1.2019	7.574	7.2529	8.4724	5.7817	9.6719	3.479	-1.5591	9.9919	-4.26	-2.083	2.6567	-7.6827	6.7071	5.8244	6.3173	1.8895	1.297	8.2456	0.61806	-1.8575	5.3097	9.4186	2.7838	8.9697	-8.5976	6.6809	-4.4004	9.3795	6.3712	2.8759	-8.5572	5.6517	6.932	-6.7409	-4.1866	1.9939	3.002	9.9043	4.3658	3.6979	4.4806	-3.3899	-5.5601	1.7955	4.5312	2.3057	-4.9074	-1.785	6.3618	8.9575	7.6287	4.4375	5.5067	2.9754	4.6322	10.653	7.6076	6.1188	9.4979	5.417	3.695	2.9029	-1.5379	5.806	0.96915	1.505	7.1343	1.0748	4.0815	-4.8291	5.5284	6.8117	2.9161	1.121	3.5938	-3.4045	4.8704	10.956	3.2464	7.1514	4.637	8.5655	6.9006	10.007	10.484	3.5299	9.4997	8.6503	2.0389	9.0308	9.0479	4.1825	10.565	-6.7445	-8.359	7.4775	-3.252	6.3032	-2.0023	7.8368	-3.0269	4.5914	8.4914	-5.8544	6.1089	6.7623	-3.3193	-5.4703	1.7873	7.0891	-3.6589	4.5111	10.185	2.382	2.9962	1.6646	6.3055	4.3944	-6.0512	9.7741	-2.2412	10.73	8.8123	3.4886	10.044	8.2464	7.5421	-4.5214	7.3311	-7.0339	2.9661	-1.9076	8.7392	1.4781	7.8172	-8.4877	-1.8785	6.8465	7.2632	8.4107	-0.65574	5.0163	8.9392	-3.8934	0.068701	5.7195	10.478	3.2218	6.0323	2.8815	1.5419	7.8368	9.8298	4.5273	4.3536	6.1477	9.1948	3.1879	10.728	3.6218	-0.21918	6.8062	6.602	-5.3458	1.4424	3.1436	7.0682	3.7242	5.0165	8.686	0.90387	3.051	2.6039	1.0503	5.6032	4.7505	7.3502	2.8904	3.9086	9.4913	-3.2727	1.3036
-0.69066	-6.3404	3.1171	1.5971	7.5891	-1.7249	5.483	6.9814	9.9126	-1.6639	2.7575	3.9057	-3.5463	-2.3788	7.1083	1.9434	5.2926	5.676	3.3294	3.4905	3.3826	5.7237	1.1661	5.5116	2.5811	5.8216	9.096	9.4458	4.1812	8.5172	9.6106	9.6129	9.943	-2.9955	2.996	6.1201	-2.3758	4.7801	-3.3854	2.2678	1.0121	-6.2003	4.6864	-5.5441	9.4545	3.1343	5.5698	4.5905	1.891	3.1263	7.5433	-3.0107	10.384	2.0458	2.0865	2.789	7.151	9.2469	10.661	4.8503	6.0939	-0.17598	7.9937	11.165	-7.1679	9.768	-1.1458	2.7623	5.2329	4.6224	10.339	5.1142	2.4431	8.6398	9.6538	-0.95721	-5.5804	4.4379	9.3902	8.1257	-6.0385	3.1562	8.3114	-0.39706	3.2408	8.1115	2.6314	5.7826	-1.1663	8.9549	3.7966	2.9476	7.2521	3.3276	10.767	1.7616	6.9746	2.0174	9.7978	5.1754	6.978	10.615	10.72	1.8332	-1.2319	6.6688	4.7224	-6.0212	6.9116	5.3446	4.632	-1.1383	4.0667	1.5781	-7.3038	-4.3562	-2.4852	8.7333	6.8633	9.8051	4.1917	9.7581	3.5641	9.0503	4.2184	6.8404	1.993	6.7151	7.9331	9.5651	-0.11058	8.6721	7.4217	9.5692	-6.1811	-4.2627	6.5497	4.6993	-7.0455	4.5764	1.4929	-6.3332	-5.6423	11.111	-1.231	3.2047	3.7602	10.424	7.7689	9.7238	1.8447	-1.8311	-2.2126	7.469	4.0264	6.4709	10.555	-6.8249	5.7341	0.33803	10.27	-1.7764	-3.8085	8.5647	11.127	-4.7012	2.6986	-5.8611	-0.64971	-3.4563	9.4127	4.1481	-6.2739	-7.783	5.6298	10.186	-7.3689	1.8483	8.5659	-0.74281	8.5654	3.8955	9.6382	8.1864	3.1835	6.9001	1.2461	-7.4781	1.8254	7.144	-2.9472	8.9429	8.5477	10.805	1.7665	9.1658	-7.3446	2.6157	4.4214	9.3506
-5.1756	2.114	9.3061	7.5891	0.60507	1.8576	6.8323	9.9984	-1.7958	-2.7053	5.9387	1.8265	0.93875	9.8198	2.3093	9.3115	-4.3487	5.4627	7.8477	7.5837	-7.3456	6.4311	1.9084	-1.1579	9.665	2.2665	5.0784	2.2601	6.3356	9.5009	4.4585	2.3921	5.2854	-2.1874	7.4444	-7.9206	-2.3682	-0.31732	1.0077	9.857	3.0213	8.5512	-8.5222	9.8591	9.1611	-2.5266	1.8225	4.226	-4.1499	3.2762	7.4296	10.01	-1.4896	3.2139	9.3882	-6.4178	5.2182	8.1253	1.2696	5.5375	8.2354	7.0889	2.409	4.1023	4.0406	2.5799	4.6863	3.0398	3.8606	9.1264	-5.1924	-6.9432	2.7012	-7.5347	-7.9133	-7.2905	8.879	9.1988	3.7258	5.81	6.0523	6.9505	-4.403	2.3326	9.7526	-1.9783	-6.4762	9.8199	2.4154	3.548	1.0619	2.289	8.9121	5.1548	1.7808	10.638	8.5805	10.114	9.0448	10.552	-6.2432	3.0014	2.2946	5.9104	1.8063	-7.1503	4.828	-3.3097	5.655	8.8084	4.0817	10.376	-1.1795	2.2981	9.4124	8.8635	-8.0565	-4.3331	8.3777	2.8676	7.8192	-6.6529	9.5178	7.8272	4.9281	-8.4887	-3.3635	7.3123	-5.5324	6.2283	4.5826	-0.070144	1.8831	8.1199	9.531	1.7304	6.8993	6.5168	2.7641	7.1139	4.0516	-5.8851	5.9528	2.2363	-9.283	4.1316	1.9382	4.9155	9.6457	1.962	1.0123	6.0379	5.992	3.3353	10.7	5.4645	9.8459	8.9708	1.0386	8.437	-3.7357	6.7344	8.3621	6.4845	2.8018	8.2946	9.5795	-2.1708	1.5426	7.2791	0.95749	-2.7071	9.6314	-2.0694	-3.5985	6.7036	6.3045	6.2634	10.237	5.8009	7.4216	9.7195	3.4902	6.6432	0.49636	8.3249	10.67	-7.4866	9.2282	2.3458	10.05	10.325	8.5331	4.4451	3.4457	4.5289	1.0755	8.338	-0.49758	-3.4808
7.2563	2.6197	-1.69	-1.7249	1.8576	1.319	11.45	10.27	6.0953	4.0128	-3.3226	5.669	-0.33444	9.3743	10.668	-5.4867	7.7285	-3.9676	1.1075	6.4643	3.8779	8.2259	8.1304	3.252	4.1119	2.5276	8.1054	8.5812	1.3643	7.5008	8.9145	-3.4626	6.5356	-0.14495	3.7346	-5.5067	4.0243	4.1026	0.31872	10.515	1.7583	10.715	10.777	3.2682	10.726	4.7781	8.8596	4.4242	9.0076	10.151	5.7346	5.5667	5.3064	6.1183	3.2726	2.5978	5.9798	0.55069	0.82614	10.644	6.571	-5.4422	8.5117	-2.5373	1.8399	7.646	3.9904	1.3485	6.2943	-3.6253	4.7497	2.5393	3.2216	-6.488	-4.1154	-5.8773	4.2196	7.6913	5.3784	-0.55799	11.228	3.5675	4.8847	-6.9973	3.0586	-4.5268	11.008	-8.1213	10.429	1.5752	3.0855	4.6184	1.492	5.5302	5.4677	1.6512	-6.1337	1.6416	7.3004	3.1934	3.1694	6.5155	8.8053	-7.345	5.0478	6.2169	9.0616	4.5451	5.7087	-8.0738	6.2873	5.8793	6.9511	2.095	5.6202	3.0847	2.697	1.103	5.3993	6.4071	4.0227	10.414	9.9459	5.817	-7.3101	8.2307	-6.1549	4.4153	8.1774	-2.3457	7.7271	5.3406	9.2119	-8.6626	8.5478	-5.8256	3.7992	5.6421	-6.629	9.8479	9.756	-4.7047	4.6489	-1.9515	2.7405	0.54593	1.0037	11.125	8.7842	8.8202	3.5087	-0.50435	11.323	2.8786	5.4698	7.5521	3.7272	5.4717	-2.2936	10.068	9.3357	11.497	2.3329	3.1025	8.9843	-5.347	-2.9601	4.4101	3.0384	5.5999	-6.1248	3.3436	1.9238	0.61129	7.5256	1.2621	-6.8417	2.7327	8.0976	2.4366	5.8826	1.4373	7.399	8.4567	-4.1083	3.7825	-4.2801	-2.8636	10.166	2.0657	2.1141	4.9207	1.9037	5.9809	-5.8195	10.792	7.0493	1.2748	1.3439	5.6746
3.7343	6.2197	5.8309	5.483	6.8323	11.45	1.6649	-2.0553	0.97191	7.4994	11.38	-4.0716	3.1098	-1.138	-9.0019	3.2726	4.6597	10.288	0.77254	9.7171	6.1687	4.8451	6.5424	-5.43	8.088	-4.5664	7.8792	6.6144	5.3044	4.4449	3.368	2.5138	-1.8283	9.9169	4.3887	9.7191	8.0415	5.1899	4.3976	3.8744	7.2947	-2.9366	8.7082	8.7236	8.873	4.452	-8.2271	8.5161	10.31	-7.458	-7.0362	4.9139	-2.7391	-0.55283	9.8542	1.3969	10.538	9.3654	5	8.17	-2.3642	-2.7651	9.2206	-4.4314	-7.2314	3.8901	-1.6195	1.9655	-2.6029	-5.2815	-4.33	5.1767	9.2616	-1.1837	9.3874	3.3678	1.9131	8.6451	8.219	2.4604	-3.2559	10.188	-7.9783	7.038	9.5205	-3.3946	3.103	-8.2473	-4.5876	-7.6075	4.0031	0.23098	4.5252	-4.9659	-0.22408	5.4804	3.9314	10.162	7.7702	7.7954	6.2014	3.2095	3.9108	8.164	1.435	-3.4294	10.48	6.1736	7.7925	5.2536	6.3991	11.418	6.5258	-0.96172	5.0088	10.402	8.5102	-8.8677	0.35124	10.95	9.275	-0.67271	-0.048969	8.1098	2.5352	5.6551	9.0963	7.5616	7.2226	-5.4559	-3.3797	2.5213	-0.98298	-2.5246	5.1822	6.1488	0.3775	7.139	-4.9512	-7.5464	11.074	2.0902	9.3755	9.7008	6.2172	-6.0942	4.9876	10.318	8.7923	8.8403	8.6615	-7.6995	6.6879	-4.0177	6.9063	5.119	5.2284	1.9104	11.244	6.1247	7.2048	2.8499	1.9934	11.456	10.406	11.329	-7.453	-3.5562	9.6515	4.3338	8.1562	5.5202	7.3194	-8.0327	4.2108	2.6221	10.381	8.6029	9.0206	-7.9013	4.9294	2.542	10.096	3.1177	1.2136	-2.83	10.931	8.5711	8.1671	-1.3875	-8.7174	-2.5178	8.4403	7.8915	6.952	8.9111	-5.0681	9.5819	3.0675	11.361
2.9707	-2.8782	-3.4533	6.9814	9.9984	10.27	-2.0553	0.96445	3.8457	2.9355	5.9508	0.8152	9.7287	9.4885	4.3919	5.3029	3.93	-1.2386	9.3959	9.0472	1.9966	-1.1788	1.8015	6.3562	-0.62024	7.5689	6.1803	1.0129	5.9663	2.3956	6.1173	4.6808	7.11	-3.6607	7.9925	9.8109	9.1624	7.7402	10.262	-2.9527	9.5045	8.3979	3.2398	-4.8663	6.0779	2.227	6.3777	3.3199	1.4158	9.4136	4.048	8.2674	6.1747	3.0717	-1.1758	8.4565	6.1652	2.3991	8.262	9.0919	3.8836	7.334	-1.8191	5.5091	-1.4572	-6.289	9.4452	1.0808	6.6039	1.9172	10.246	8.623	0.80731	6.0492	-6.1202	1.3014	-0.29614	3.5684	-5.9653	10.038	9.6863	-4.5421	-4.4331	4.415	-8.4797	9.8784	5.7839	4.0857	5.376	-3.6753	2.226	7.6763	6.359	-2.7183	4.9471	3.1943	6.5415	3.381	6.2958	5.9341	-6.5058	5.0567	7.1972	1.8837	2.3167	9.702	4.9335	5.6307	6.1692	-2.6746	-6.5743	1.7684	1.3039	2.7068	1.0149	-8.1978	3.5959	4.0537	6.7431	8.5562	3.5746	4.1579	3.1349	2.0786	9.9549	10.051	10.478	-6.9511	6.6687	-8.8382	2.6069	9.6834	-5.6043	-6.029	7.1796	0.14205	10.595	-3.8312	9.4632	-6.5659	0.036418	1.3104	7.6131	2.8249	2.8312	5.9727	3.4547	5.7418	-3.036	11.41	8.7644	5.1804	-4.6766	1.7113	5.0511	5.6113	8.234	8.4549	-1.1625	9.3854	-6.5132	-7.134	-4.5591	7.6413	3.871	2.4728	3.2553	0.71041	9.205	9.262	2.5315	8.0241	6.868	8.336	3.6593	8.5196	8.8307	9.0683	-0.051398	-8.454	6.187	4.7603	3.9101	-8.729	4.1851	-6.2025	4.0371	5.5868	-3.2413	-2.6946	5.0866	-1.4836	-8.4417	1.3061	7.8604	4.1201	6.4824	5.3744	-7.5133	5.9013
8.7447	-2.0982	9.3918	9.9126	-1.7958	6.0953	0.97191	3.8457	0.82946	-6.5599	3.7915	10.187	5.1317	10.037	-6.6462	5.5007	4.6253	4.6491	7.3329	3.1401	-7.3259	6.5155	-9.1354	9.8351	0.27628	7.2089	5.3171	4.2902	5.3656	10.292	3.5725	5.5912	3.8425	7.4757	3.8077	6.1106	-4.8943	8.2711	8.7756	-1.0855	2.0828	8.1499	5.5867	7.6686	10.762	7.1986	2.9903	-0.95563	4.2247	4.2753	-2.8447	9.6254	6.1729	3.6658	-5.0479	10.314	7.9645	8.2397	0.73319	1.2359	10.143	4.1072	-0.385	-4.8507	2.4671	5.7745	-5.7412	5.3486	4.446	-5.1989	7.1519	7.0716	4.3665	8.9549	-1.6107	8.406	8.8263	1.8696	0.95441	7.695	4.7651	3.1999	1.5007	-5.5558	5.9954	2.2785	1.6329	0.72741	8.2342	2.2721	5.6878	10.093	4.6339	1.8374	3.0164	7.9706	7.8139	0.27792	7.7641	9.5763	8.3914	-0.80035	5.1527	3.3201	-2.9871	-0.33233	9.2616	8.7112	4.8858	7.8623	-6.6914	7.7651	-1.1911	7.2352	7.4316	1.909	7.7042	7.1661	4.9694	6.3887	7.648	4.1183	5.2435	6.1745	5.4022	-8.7043	7.8391	9.3676	-4.5547	6.7984	-1.6139	4.1063	1.5042	8.2794	-1.1594	0.97229	6.5847	-2.8994	1.2663	3.8968	3.5034	2.9893	3.1155	-6.4329	2.9186	1.194	8.0104	7.3323	5.8617	4.1411	2.0242	0.60998	0.7683	9.5911	-6.5372	2.7924	6.0097	5.2945	-1.8543	3.6527	9.9239	11.148	3.1873	-5.749	8.347	5.8528	1.278	7.3408	6.6442	-4.9337	9.4658	7.2753	10.242	0.063023	7.4375	10.414	1.6567	8.8885	10.3	-3.9735	-4.9696	6.016	-5.1402	10.704	1.1577	-6.4972	6.4082	7.2596	2.0191	8.6464	8.9987	7.1386	5.8122	6.1406	5.2302	4.323	-6.5178	6.7323	-0.47265	4.7382
2.2118	-5.2192	-0.21212	-1.6639	-2.7053	4.0128	7.4994	2.9355	-6.5599	1.6739	-7.2786	-1.5189	0.40458	4.9583	9.0286	4.6916	11.069	4.7174	10.285	6.2207	7.3058	1.8332	0.84441	10.267	1.8311	10.847	6.2947	11.004	9.2975	3.2917	8.7364	-2.0129	-2.6755	3.8446	10.565	9.0563	2.0292	-0.012867	-6.2476	-2.2531	8.0584	0.15934	9.6277	3.1933	8.1191	2.4165	6.1589	2.5358	7.0103	8.5855	3.7338	7.8268	5.1539	10.921	8.4414	10.437	5.6264	5.2608	8.8531	-4.0384	5.6895	5.6843	9.304	7.627	6.8219	-0.3334	6.6741	4.1963	5.2502	6.7356	-7.3305	1.3764	10.98	-2.3718	-8.3962	2.7234	7.3292	3.9466	-4.3206	7.0495	-7.0453	8.3145	5.7684	-0.67106	8.3883	8.0332	2.6942	2.1043	1.0658	9.2382	-4.9874	4.3928	10.858	8.555	1.293	2.0925	-7.896	-1.7443	9.8998	5.8887	2.1387	7.9152	5.2736	-5.3403	3.3278	-8.4328	5.7123	3.3839	3.5974	3.3609	3.6526	4.5451	1.465	9.7168	-6.549	5.0396	2.5715	7.9831	-2.3347	10.582	4.7118	7.592	9.8357	1.6106	1.3666	9.7161	-1.2341	6.6963	8.7332	-4.5756	4.3048	9.4457	7.2571	10.338	7.6272	0.90936	1.663	-1.211	5.0155	0.48721	1.4862	8.4721	-6.8592	9.3352	9.1038	7.605	9.844	10.271	2.2658	6.5828	0.41711	9.1817	1.1268	6.1348	7.3848	0.92761	0.77662	1.9803	-4.2148	5.7507	1.2721	-3.0149	6.9514	10.18	5.168	-2.1822	2.7928	-2.5622	-0.45155	-6.894	4.5761	-2.6541	6.5581	2.0925	1.2067	6.7321	10.433	5.7914	2.0099	0.33633	2.0339	6.645	3.0122	5.2167	3.8733	9.6791	3.7225	9.6562	-5.349	0.16004	7.4133	5.5684	4.2831	-4.2495	-9.0977	2.4041	10.434	5.1659	7.833	-3.4424
5.5731	5.5144	6.3607	2.7575	5.9387	-3.3226	11.38	5.9508	3.7915	-7.2786	1.1671	1.4554	8.7654	0.15383	9.4614	2.2323	9.5233	2.1197	-8.1016	0.11248	9.3759	2.1724	8.2946	7.0603	5.1808	3.3689	-7.8721	9.515	3.2312	3.2569	10.89	-3.2036	10.287	0.030255	-0.13426	4.0116	9.1058	2.1857	1.419	9.461	8.4751	6.679	4.7691	-5.4553	2.7427	-2.419	3.2745	-3.8315	5.8482	0.2341	10.214	3.6504	4.8541	7.9085	-7.9334	-6.8732	6.9773	4.9582	5.2948	2.4586	11.12	11.478	9.6243	-5.3624	7.9025	8.4578	-5.1745	-4.3072	10.191	6.4421	2.9954	6.0965	2.1327	-5.3169	6.3381	1.6706	-1.3156	0.79868	2.4465	10.993	-2.3547	0.92804	-4.9165	6.303	-3.8128	3.3882	5.4631	4.9095	5.8866	2.8303	0.031586	-1.905	8.2552	1.8954	2.7491	1.5232	-3.2284	-3.6287	4.8707	3.1451	5.4127	6.8484	1.2275	6.6046	0.68427	5.8762	8.0082	9.1457	2.1529	3.6194	3.0399	3.0179	-2.523	10.014	3.5699	2.3829	8.9378	3.4242	2.5466	7.721	8.4711	1.7975	11.401	1.7368	1.198	-7.6777	4.3266	2.7658	-7.5433	9.583	4.0639	-8.3192	9.333	0.21709	2.178	-5.7023	10.692	7.0708	2.8418	2.2823	-2.2892	3.8556	8.1172	6.5561	-8.0941	-7.6953	8.7355	-2.7974	-2.3316	3.8287	10.38	4.8738	9.2935	-2.3275	-6.5355	6.6964	3.5115	5.571	8.4193	2.6778	-0.47991	-6.0944	9.4675	6.6125	-3.4855	0.36068	8.9092	6.4884	-4.2804	2.0793	-4.0984	4.3931	10.921	4.3199	4.7408	-3.08	5.4945	1.6124	7.6428	6.0745	6.9415	7.4145	1.0246	3.6805	1.9161	5.2677	2.2858	10.286	10.758	6.4539	10.09	-2.4283	2.5244	2.1516	4.1441	2.2527	-8.4802	-7.9083	-1.5164	-4.5109
4.3683	7.1534	4.4046	3.9057	1.8265	5.669	-4.0716	0.8152	10.187	-1.5189	1.4554	0.40091	10.114	4.9103	2.883	-8.9837	5.4404	0.33412	6.4756	9.2148	2.645	2.7998	2.2795	2.1548	2.0226	1.3019	-7.7901	-2.7871	3.3039	-0.67444	2.1956	4.6466	-3.3139	1.0022	5.9603	0.50039	8.3648	-9.234	4.304	4.0122	10.565	1.5102	4.884	7.5197	1.071	3.2432	9.4963	8.8661	7.2609	7.2449	9.857	-1.6931	9.6344	2.7229	-9.117	2.916	8.8459	9.9689	7.474	1.4919	7.2355	5.0147	7.7931	7.9638	8.8599	4.7887	0.048476	9.2983	10.024	5.7719	4.7744	6.9051	8.3116	-6.8455	2.6127	7.5435	2.1177	10.492	9.5936	0.72897	2.6786	-0.13981	7.9176	-0.36127	-9.3963	-4.4853	7.236	2.5185	0.90705	8.0436	2.4329	1.5887	8.5378	6.0256	5.9058	3.4505	10.412	1.186	-2.6529	6.9922	-6.0558	10.053	10.026	6.7955	9.0776	-8.8873	8.5674	-8.9585	8.8162	0.46811	9.2373	2.9176	4.2559	3.9926	7.7199	-2.4772	-8.8844	-4.0124	5.4011	-3.7251	4.7685	10.338	2.1491	-7.184	3.7732	10.171	0.59605	6.4192	6.9052	-3.9934	1.9187	8.8946	4.6882	0.42091	-3.8799	-3.0041	9.425	-7.8026	5.8108	-6.6739	-4.271	0.98511	-8.5102	9.7444	8.5554	4.4546	2.3264	7.2717	-4.2676	9.9542	2.4406	7.4975	4.9927	-7.3339	10.685	-1.5139	6.5041	10.263	5.9265	1.1822	-7.0982	5.0631	-9.1743	10.318	-3.1815	10.689	-3.8797	4.8189	-7.0834	10.221	9.4052	-2.2901	-1.5812	4.8551	3.4138	6.5218	10.14	-4.9413	8.7996	4.1978	9.0168	10.227	-9.5828	3.499	5.1421	9.8389	4.1036	-4.0884	2.2932	1.1139	6.9596	4.0522	2.9642	1.168	7.1307	-4.4251	4.8975	5.6695	7.0888	2.577
9.0872	4.3745	1.7908	-3.5463	0.93875	-0.33444	3.1098	9.7287	5.1317	0.40458	8.7654	10.114	0.41371	4.1805	9.6471	5.6023	0.48923	-8.9165	7.2146	9.0359	8.6181	-6.3072	0.95086	-0.25713	2.0573	6.8625	4.2555	-2.791	-1.7284	2.4371	7.0417	-3.6987	7.6929	5.4073	9.5176	10.174	9.251	-6.4333	1.4675	7.673	10.405	5.6679	2.033	3.2467	-3.3255	0.078762	6.9947	9.3474	-4.3291	-1.0615	-5.4471	-6.6602	0.6289	4.814	8.6089	1.9073	7.4371	3.8565	5.5468	-4.0424	6.17	10.457	7.5141	4.0296	-8.8814	-7.5964	9.2033	10.199	1.3221	9.5364	10.133	5.4847	9.599	2.9049	2.4296	8.7558	2.0784	4.4238	-3.8925	4.1369	10.231	-2.9707	9.8516	1.9147	7.4009	8.3352	2.2978	9.9443	3.836	4.7895	-0.18581	2.5554	2.2202	-6.6698	8.7829	0.95853	-0.29616	-3.458	-4.6193	1.1514	6.4356	4.3121	1.8607	7.3252	-2.4066	0.98698	4.3334	9.7703	3.9155	-8.972	3.0479	6.2834	6.7321	-8.8316	10.173	-0.9269	4.4966	9.0688	-3.9201	-0.83366	7.8164	4.4739	-7.8799	2.3147	-7.0153	8.8688	4.9106	-7.5993	9.0113	3.635	2.1123	8.3438	9.1542	4.7066	2.7129	6.5069	0.95051	6.7268	10.807	1.6026	6.7481	7.7041	0.8785	10.099	-8.2634	-3.8316	8.5805	10.127	6.4786	-7.1728	-2.9823	2.8859	3.9409	8.7223	6.5272	8.5482	2.0261	9.8855	-0.040386	2.6685	3.6034	-0.50493	6.4606	7.0883	4.0402	-5.4678	-4.2479	10.342	3.2329	3.9369	6.9131	-2.4346	-3.8611	7.2644	-3.3383	0.8972	9.807	5.8417	2.1356	10.39	7.9093	2.4231	7.1738	-1.5844	-4.2281	2.3471	-0.90222	8.5683	4.9069	-8.8074	8.9926	8.0745	-1.9573	6.9347	1.4882	1.6977	-4.3439	8.6014	8.0408	-8.8556
6.0374	8.3169	2.2575	-2.3788	9.8198	9.3743	-1.138	9.4885	10.037	4.9583	0.15383	4.9103	4.1805	0.19565	9.0191	7.1317	9.1563	-6.01	-4.4045	4.8026	4.1824	3.8223	5.4061	5.445	-6.4628	3.7415	4.5068	4.9511	4.842	-0.50192	0.46701	9.5941	3.6849	4.9892	6.1511	8.934	9.1518	-8.0854	8.9995	3.2244	3.8581	7.9333	10.81	-6.6815	3.4798	5.3191	5.0203	-6.9247	0.78458	5.1176	2.4858	6.2659	9.1631	-6.1978	4.7647	0.97978	9.6604	-3.5699	0.89702	4.531	-7.4928	1.2986	-9.3133	6.8646	7.1508	5.1019	-8.5175	8.4625	2.7866	1.5867	0.45935	1.7502	7.3894	0.70849	-7.6005	2.0027	7.2444	8.2883	4.9741	4.7509	8.9787	6.1686	9.5241	6.6877	6.0926	5.8695	-7.6586	7.0746	-6.0098	-7.2549	2.4508	6.6475	5.5117	7.6397	3.8903	8.0233	2.9638	-7.9557	5.4932	3.6057	6.6513	9.7523	7.1687	8.9922	6.9084	4.0164	7.6835	0.87969	-5.3705	3.2044	4.9431	-1.5292	6.3013	2.9555	3.7728	0.38054	10.533	4.8367	2.199	-0.95796	3.0891	7.4991	4.2306	6.6132	0.41813	6.3339	4.1403	8.3826	6.6866	1.6287	2.2456	9.6762	-4.6914	3.2242	5.19	8.2631	8.9777	4.6696	9.7248	5.2621	10.198	7.8797	7.9897	8.5477	9.3148	10.291	8.2944	2.6569	7.0477	6.5163	1.3998	-9.8055	1.5194	-3.4954	10.299	-2.2596	0.78887	10.194	5.4992	2.2552	2.8815	9.6678	8.8021	-8.0135	3.3208	5.8147	-2.4141	6.8753	-2.8403	6.4805	3.586	8.4623	9.5117	5.1268	1.1765	0.29408	2.5818	1.9867	0.15152	8.8292	0.19833	-6.2792	2.0063	7.8445	2.8439	-5.426	6.7185	7.3418	2.1865	4.0312	3.0295	5.9534	6.111	8.9739	-1.7746	-5.151	5.2505	2.3363	-8.5812	7.1413
8.9193	7.376	-7.4688	7.1083	2.3093	10.668	-9.0019	4.3919	-6.6462	9.0286	9.4614	2.883	9.6471	9.0191	0.3266	6.3741	4.5069	6.0968	-3.5885	6.3259	0.087201	-1.6447	8.9236	-9.0344	3.6853	-7.5439	2.8913	5.6384	-5.7496	2.3528	5.9622	3.5706	6.1988	7.6456	8.5787	-1.2245	4.9446	3.2375	3.2595	3.4597	6.9313	7.4905	4.3807	7.9295	-0.83702	0.88161	5.4572	-7.003	3.2354	10.16	4.9235	-3.1135	8.8674	5.0009	-0.58443	9.6406	0.93217	1.1658	10.552	-1.9734	0.98849	5.1549	-1.7862	8.9423	7.3118	9.3654	-2.6713	-2.6768	5.4257	0.74706	10.15	-2.4524	7.1331	9.9587	4.0369	4.3437	0.047271	11.024	6.7398	10.196	-0.3765	1.4896	-2.8228	-3.7506	5.69	6.0776	-3.2805	3.7195	7.4794	10.846	6.9693	2.795	9.1596	4.8414	2.043	3.046	1.8657	5.2586	8.3517	-8.6707	2.2306	9.094	0.88302	-4.8045	4.4164	0.30339	10.982	0.79459	10.646	-4.5424	-3.3688	4.2824	6.2338	-4.1009	0.23512	8.727	-3.8823	6.3979	-5.102	-1.4853	9.8894	6.3083	7.2068	5.2564	5.3264	9.2246	1.5123	1.194	5.4231	1.1376	5.7102	-3.8935	9.9216	-4.9091	1.5222	9.716	-4.6563	5.3371	8.2775	-7.4054	5.5214	-8.0061	8.1941	9.5699	9.6288	8.2007	7.1597	9.6318	4.7128	-8.2256	11.013	7.3387	-7.2753	3.3662	-4.6734	8.7232	-6.9487	1.1171	10.684	7.6991	2.5463	2.8149	6.4666	-3.0329	-6.9386	-7.4499	-4.8704	8.4216	-6.5224	8.8722	0.9869	3.0562	10.236	3.4457	8.4908	1.3706	4.3709	-7.7931	-4.9865	4.2764	6.0379	5.0196	7.1284	7.5039	-0.45227	6.8317	7.3912	10.508	7.8968	-4.6687	4.6214	8.8735	7.798	3.1031	-6.3166	8.2238	6.2124	-3.7157	8.7677	3.6247
9.6894	8.5351	6.8621	1.9434	9.3115	-5.4867	3.2726	5.3029	5.5007	4.6916	2.2323	-8.9837	5.6023	7.1317	6.3741	0.65968	-5.7928	6.2181	-4.5342	-1.7159	8.5198	4.9482	-8.6316	5.2254	5.6354	3.8994	6.9493	6.5163	6.3781	-6.0995	-8.2691	-7.7421	-2.9607	1.4266	8.0309	3.3386	4.908	8.2557	0.24285	8.8401	8.3028	9.6247	-5.3821	5.9436	-3.8973	2.8859	6.5458	2.3362	1.7785	1.6628	6.3362	3.1172	6.924	-7.4931	2.5	5.2042	8.2875	8.0535	8.5305	2.2394	9.3027	1.6782	6.1847	7.9958	10.12	2.6532	2.2644	4.2838	8.1381	-5.1967	0.89763	-7.6433	7.0348	5.6623	-8.68	-6.1822	6.2985	6.1292	3.1555	8.026	3.2594	-9.3755	7.1983	3.0025	9.6207	0.74663	6.6936	-3.1633	6.49	-0.57229	5.1191	6.5928	9.9104	2.5903	8.466	8.7157	2.8917	4.3032	5.0208	6.9374	3.942	8.4384	-8.3543	5.6834	9.0984	5.8263	1.5606	7.9786	2.4587	9.913	-5.3759	-3.146	1.2125	-1.0841	-4.8854	2.2525	-7.8276	4.4801	8.0117	5.4356	6.8053	2.8347	-8.2226	4.8891	4.7637	-5.5509	2.6375	9.73	10.917	2.1891	10.363	-3.388	-3.1179	-4.0267	8.5495	2.1326	-8.944	6.9293	8.4023	-6.2615	9.1457	2.0499	4.0141	3.1327	2.2002	1.3493	3.1476	6.1799	9.1415	9.5197	-6.4832	-5.6867	3.7958	4.0868	-7.4319	0.44085	7.4251	10.067	2.7617	-4.6488	8.7579	2.1233	5.3524	-1.3799	-8.4791	-8.7793	4.6715	9.0169	6.4701	-7.2162	6.9076	4.4101	1.9221	5.3523	8.388	2.1746	0.78513	1.7374	-1.6402	0.096918	5.0906	8.6779	5.2714	0.7823	1.0242	7.9967	-6.4464	0.56042	3.4571	4.257	3.9009	-8.1082	-9.0227	6.9183	-6.9474	7.2743	2.4209	8.9929	-2.9257	-1.3513
-7.2399	3.2841	8.0207	5.2926	-4.3487	7.7285	4.6597	3.93	4.6253	11.069	9.5233	5.4404	0.48923	9.1563	4.5069	-5.7928	1.3971	11.083	8.3262	-6.2929	6.1736	-5.3881	5.0515	2.021	9.9333	2.5835	6.2036	3.8666	8.5923	-3.6271	-0.023129	1.142	8.3635	-4.4977	9.8607	9.0324	8.958	7.2965	-6.0792	3.4162	3.6161	5.0394	4.5799	10.772	8.6388	6.6299	5.8998	10.583	7.4188	8.7387	9.362	2.2456	-6.0283	3.4639	7.1493	9.4748	9.9677	1.4879	8.9268	5.2092	6.2624	6.733	5.1233	5.019	2.928	1.5184	3.7127	5.0111	9.7851	5.2156	2.4948	3.2359	-4.5665	-6.5945	6.8771	10.593	-3.2168	7.5338	5.1554	8.2398	1.0866	5.068	9.2958	8.4927	-7.5314	3.1533	-3.7847	6.2386	6.9586	2.7687	5.5635	-2.1615	-1.9782	10.384	2.0037	1.5341	8.5897	3.1141	4.9939	-4.6455	-0.40771	10.378	5.0684	10.522	1.9886	1.0542	11.619	9.3582	7.2983	-0.8656	3.1761	-3.3088	-7.3672	5.8832	-4.81	-3.2393	7.2266	8.4925	-3.6879	7.6249	7.4686	1.2385	11.176	7.0668	10.433	5.1374	4.6805	-4.0001	10.911	6.1018	7.7668	-4.6248	2.9419	9.5973	7.7041	8.5867	9.844	-5.2018	1.8684	2.3783	4.7464	9.2443	3.0245	10.25	8.6199	5.9967	10.107	2.3622	2.8084	-4.7058	-5.4979	6.9463	-3.9399	-7.2902	9.8278	6.2068	-2.9413	3.8066	7.2161	2.729	4.4546	6.2942	9.0939	10.386	4.3965	6.6849	3.4642	4.7429	2.5622	8.4499	2.6875	2.9662	4.6902	10.676	1.763	4.2273	3.6105	9.221	1.1097	10.61	3.7765	6.3708	2.848	-8.4847	-3.7043	1.9951	7.5803	2.5708	3.4612	-8.7961	4.6731	8.0336	-6.2172	6.5036	2.0376	4.6983	8.5186	6.4536	9.4113	11.303
3.9818	-0.42949	1.2019	5.676	5.4627	-3.9676	10.288	-1.2386	4.6491	4.7174	2.1197	0.33412	-8.9165	-6.01	6.0968	6.2181	11.083	1.6981	5.0919	6.8002	10.362	-3.0233	10.629	8.6686	3.6593	4.599	2.9421	11.222	1.6259	5.7393	-3.6815	8.7024	-0.93091	4.7636	5.3417	3.6384	9.2935	8.8404	-5.8292	4.2526	4.1334	-3.9027	6.3227	4.3667	-6.5166	-5.723	1.9527	5.8085	9.3298	4.8939	-6.3638	-4.6821	-0.71773	9.89	9.6497	8.9531	3.6045	-5.2088	0.75199	6.997	6.7459	3.3639	3.4657	7.3633	7.3726	2.7707	6.8584	3.5026	8.8988	2.227	4.8238	5.8094	8.5179	-7.8426	-6.1372	-7.4728	6.734	3.8515	8.3653	7.1557	9.3929	9.6205	-8.609	-0.64332	-5.7866	-3.5469	5.9508	-3.6397	5.8188	0.17243	-7.2121	-8.1289	1.2678	7.0915	2.6593	-3.5252	2.0858	-0.83018	6.1169	5.5441	-7.2035	-4.3302	9.7887	-7.3551	2.9527	10.313	4.1602	7.443	7.6677	6.9353	3.8556	7.1098	2.6469	1.6453	-4.5812	-6.7711	10.718	1.4787	3.5952	-3.7976	6.8647	5.5551	-5.8876	11.157	1.754	-5.2654	-2.0382	11.35	8.7712	9.7736	7.1796	5.0753	-4.4508	-4.0187	5.1282	8.0718	4.0002	7.3759	10.277	-5.5733	10.847	11.341	-8.5141	9.9833	5.6543	5.781	8.782	-7.7528	3.3595	0.77913	-0.35462	1.7922	11.305	-3.2483	8.788	8.1667	1.7671	9.1057	3.4357	6.3	-8.0087	10.394	7.1089	7.4087	11.719	-3.0262	-6.0954	9.4025	5.2231	7.1592	-2.723	-3.2092	-8.1655	9.8807	8.3189	1.0888	2.9776	5.8401	-1.4568	1.7239	6.6993	7.167	6.1638	10.442	2.701	8.5748	2.8772	10.213	6.8696	5.0173	-5.8566	7.6387	6.3085	3.8448	8.9675	-3.1431	5.8696	3.4601	3.1806	8.9495
6.1451	1.5207	7.574	3.3294	7.8477	1.1075	0.77254	9.3959	7.3329	10.285	-8.1016	6.4756	7.2146	-4.4045	-3.5885	-4.5342	8.3262	5.0919	0.548	0.91694	3.6014	-9.3882	9.5583	3.6305	7.279	8.1356	5.6148	8.9895	7.2938	-2.7293	5.2227	5.3765	6.9682	0.27365	5.2307	-3.0391	5.6226	-0.2964	9.5637	1.1057	8.6067	6.5788	-0.99577	8.2734	-3.169	-0.96742	8.4731	4.4324	0.7973	6.4699	2.8114	-2.0369	4.1309	-3.7765	10.061	4.0646	10.611	-3.2902	8.2471	-0.33989	5.703	-7.9142	8.6571	-3.1959	6.5882	7.4048	2.6245	10.588	2.6967	7.273	3.8086	0.54633	-5.2626	5.0053	5.9761	1.5638	4.2302	2.282	-1.7177	1.2806	5.5363	9.305	-3.9473	0.9991	2.3903	8.4537	2.0637	7.09	2.931	8.4417	4.3241	9.8986	5.2328	5.9727	8.3567	4.1511	9.3367	0.89689	-3.0212	6.8609	5.782	7.8672	-3.4158	0.73457	7.6372	3.4957	4.924	2.0784	-8.9688	-7.9905	1.3879	2.2046	0.18492	7.4071	-5.2143	4.3373	3.9422	2.1151	-0.37189	-1.9808	-9.1988	8.1438	8.9085	5.0174	-7.5543	-3.2562	8.3839	2.7301	10.776	6.5623	-7.6439	1.0924	9.4411	-1.7011	3.9531	4.9829	3.8685	-1.1374	8.9105	5.1296	-8.2034	6.0274	0.85239	1.5167	1.3057	5.5889	2.0728	3.2902	3.3491	-6.9798	9.8171	0.16469	8.7842	1.6287	6.0628	8.3291	0.90421	7.2118	2.8012	6.8535	-4.531	10.213	5.8188	8.5949	-1.7636	-7.6195	8.9778	10.604	6.9938	-5.0815	-7.0019	4.03	2.0889	-2.8516	3.7382	4.5295	3.4612	7.6627	4.9767	3.1704	5.1734	3.9814	4.693	-9.161	10.442	3.7087	1.8493	-2.8538	6.1708	2.189	6.6712	-7.1661	7.9777	-5.337	0.42941	3.6809	-3.2695	-5.0755	8.7207	9.9096
5.7831	1.7099	7.2529	3.4905	7.5837	6.4643	9.7171	9.0472	3.1401	6.2207	0.11248	9.2148	9.0359	4.8026	6.3259	-1.7159	-6.2929	6.8002	0.91694	0.69315	1.8299	-3.8577	3.1812	-5.3237	-4.2334	10.983	4.4138	6.8398	-7.7974	9.6133	6.7661	-2.6348	4.7727	-7.8986	2.3994	3.2346	3.1101	8.8193	10.551	4.6234	2.8768	8.5976	7.3162	4.8065	5.2956	7.3823	2.928	2.5649	1.1812	2.3907	-2.46	9.0916	4.4712	8.7681	4.5069	-7.602	9.2574	2.7435	7.1657	2.2199	1.3173	6.2863	2.117	3.4242	8.1453	2.2624	-3.9934	3.9148	9.4835	-6.9097	7.8063	6.0391	6.3537	9.8976	6.5951	7.4939	10.588	2.1771	6.8412	-1.268	6.8601	7.9431	-0.81786	3.8683	9.2174	7.3875	1.7071	2.0859	6.111	7.0365	7.7374	6.5428	5.9277	-8.5939	8.1081	4.7776	9.0212	8.1592	0.94932	6.6161	6.2432	-0.23874	7.9671	-2.4225	0.9746	0.63661	2.2252	6.7805	9.657	2.825	-1.5743	8.3498	6.8237	8.1375	0.69098	8.3222	1.6311	6.8131	-1.1557	9.0527	2.8899	8.6746	1.1914	-4.8789	2.5962	-7.2148	8.8018	-3.2621	2.963	5.6044	-8.7101	6.6508	-2.0484	5.6446	7.0963	2.5509	3.3021	7.6271	7.2688	7.9787	7.0655	7.1384	-9.2558	5.7308	7.6345	7.7865	5.129	7.7659	-3.7252	-7.1427	2.981	-3.3891	4.1565	-6.5295	1.5903	1.2673	4.8852	3.236	8.2607	-6.3823	-5.4667	10.41	4.091	9.3315	9.1712	4.5528	8.2562	8.2718	6.8986	4.6815	6.7885	4.401	8.3758	7.9298	0.85907	-3.8125	3.8549	10.703	9.5588	7.5118	7.711	8.3327	6.1797	2.0728	-6.5265	6.2366	4.9964	2.2939	8.3574	7.5711	1.5472	-8.2706	8.2945	5.3898	-7.585	-1.0292	4.4645	1.2985	8.5093	7.0528
-6.955	7.7558	8.4724	3.3826	-7.3456	3.8779	6.1687	1.9966	-7.3259	7.3058	9.3759	2.645	8.6181	4.1824	0.087201	8.5198	6.1736	10.362	3.6014	1.8299	0.44006	6.2744	5.9736	6.8058	1.9557	-2.5136	0.55055	2.7	5.6484	10.703	-7.2757	6.2262	0.81951	-8.7729	0.51539	5.8507	9.2114	7.1652	1.5208	5.7333	1.0956	7.5821	-7.3054	-4.3665	4.8044	1.1583	7.6297	3.3165	-9.2384	10.345	-7.661	1.4596	5.0143	8.0231	8.5365	2.0586	-3.7362	10.655	10.419	1.3339	7.3968	2.9441	7.9452	3.1366	5.5171	2.9915	3.6215	6.855	2.4763	-9.0503	-5.2213	8.8208	-6.0946	8.1809	1.3553	3.2153	-1.2541	6.912	-8.8215	9.4756	-8.7188	0.3918	-9.2543	3.201	-2.3323	6.5467	6.5051	7.559	0.96588	2.137	2.6376	2.1919	-3.3279	-5.5866	3.3375	-6.3773	4.7494	6.273	2.5944	-6.8384	8.1587	7.9155	0.47361	10.312	4.8905	-6.0002	0.89827	-9.3224	8.4956	-0.70004	1.93	7.3668	3.1168	0.8615	-6.4497	7.9009	10.02	6.6577	3.942	8.6194	2.6245	6.7458	-7.7298	10.586	10.037	2.9232	-7.0363	2.997	4.0788	-3.116	-8.5036	10.083	10.821	4.8749	4.6681	3.5198	10.613	1.8515	4.3861	3.3327	8.6159	6.1347	-7.0534	-8.6977	2.8307	6.567	3.8154	0.87178	6.633	-5.8314	7.9096	8.5524	5.8022	10.293	3.3789	9.8302	1.0532	1.286	10.886	5.5719	8.0679	0.63716	7.3901	-7.0685	5.0259	5.6404	-9.5755	-4.2437	4.6365	-4.4517	-3.1187	4.4931	4.6692	10.229	1.2908	6.5948	4.9856	1.3209	8.6034	7.4262	2.0701	1.8919	0.47053	4.6705	4.0615	7.5926	2.0261	-2.7645	5.2841	4.3144	2.1678	7.66	1.2791	0.34489	-6.662	6.0198	5.3358	-4.9754	4.8055	9.334
2.4713	1.0616	5.7817	5.7237	6.4311	8.2259	4.8451	-1.1788	6.5155	1.8332	2.1724	2.7998	-6.3072	3.8223	-1.6447	4.9482	-5.3881	-3.0233	-9.3882	-3.8577	6.2744	0.2253	1.3833	-0.49049	4.635	10.325	0.51296	6.7131	1.4425	9.0577	-5.1287	0.15698	0.25084	0.97188	2.0101	6.5889	9.8337	9.9551	4.0575	3.4498	2.4938	-4.1462	7.4989	8.7804	-6.4053	3.1295	10.458	-6.3727	5.5915	5.0151	8.4803	8.9489	1.5625	0.17159	7.8097	0.022329	-7.7598	5.8436	2.1741	1.3491	7.5427	2.516	6.0651	10.062	6.6049	-0.92951	1.5188	3.8298	8.3098	-8.5589	10.398	-7.7339	0.31946	1.7712	2.1715	7.8332	8.6068	8.069	9.1989	3.2496	-0.51363	4.3645	7.5083	-7.6044	6.1458	4.3653	8.0793	1.7202	3.6769	5.6132	-5.3761	-0.85319	4.6073	-8.8602	5.8678	4.4797	-9.0688	4.6237	5.3317	7.3104	2.6408	2.0458	-2.3876	10.424	9.7579	8.8462	6.164	7.7039	2.8645	5.5802	3.5796	5.5413	-1.8654	10.075	9.3718	9.7383	-6.1347	6.084	-3.7453	-0.084353	5.5077	4.4468	2.9247	5.4186	9.1988	2.7417	-1.6581	8.7234	8.7921	-6.556	7.5113	2.3433	-2.6106	8.5816	1.7641	1.2351	-2.6284	3.8915	2.5388	3.705	0.93033	3.4758	6.6628	4.815	8.0988	6.9582	7.1332	6.2895	-0.7165	1.1401	-0.60163	7.9211	-7.705	8.1568	1.1391	3.477	4.8796	10.134	7.5499	-2.8948	4.7502	-8.6562	5.1201	4.241	7.1179	4.861	-4.0847	2.0128	-3.2769	10.719	6.3585	-0.85114	-1.6332	4.5681	5.5112	6.3831	3.9414	8.8275	7.855	7.3618	6.963	2.346	9.5728	3.0492	-2.3986	1.5558	5.3296	10.635	-2.7878	8.1294	-1.4457	5.9378	-6.6321	1.1358	-8.7793	7.3159	6.3889	5.6966	7.1286	5.0693
2.0739	5.1153	9.6719	1.1661	1.9084	8.1304	6.5424	1.8015	-9.1354	0.84441	8.2946	2.2795	0.95086	5.4061	8.9236	-8.6316	5.0515	10.629	9.5583	3.1812	5.9736	1.3833	0.013153	2.4633	-6.0389	4.1144	10.143	8.7929	4.5204	4.4716	6.1133	-9.8701	0.78921	4.0043	6.7367	2.0502	7.2441	4.1778	8.5944	8.3228	9.391	-0.083385	0.12486	0.8166	3.2965	-1.7395	-1.0945	1.9062	9.619	2.5205	-2.5666	-8.6217	7.1397	-1.0645	6.4069	0.83802	-0.20558	-0.17147	1.507	8.6151	8.2043	-1.7374	6.6779	3.1701	9.7074	3.1972	0.90915	1.0007	8.8897	8.1448	0.51624	8.0479	6.6167	10.327	6.9221	-9.3976	9.5641	10.329	-8.0615	2.7107	2.2498	2.261	8.5469	7.0815	-6.4356	7.4073	-7.8199	-3.5084	1.803	8.3878	-1.4968	2.6927	0.19627	0.81276	-4.3049	6.8172	8.9415	8.4385	4.2295	7.2847	3.7341	4.8243	3.1564	3.2081	7.7989	-9.5117	7.883	2.2999	2.4211	8.564	10.455	2.2785	1.9778	6.9562	7.3397	-2.2256	10.469	-3.0024	5.7028	4.7365	6.5495	4.6048	6.1943	-3.6619	7.0588	9.9347	-2.7726	6.3837	-5.946	-4.4593	0.76032	6.2147	6.3397	1.0287	2.5772	7.1158	-0.49988	-2.7861	-3.93	1.2215	6.4299	0.77656	-2.4812	4.9219	5.3654	-8.5815	6.8742	-1.2304	2.4163	3.5191	-5.9625	8.8851	8.5962	4.2921	8.6427	2.8639	2.3545	8.441	5.3374	6.1822	-0.39259	0.31616	7.5641	3.1032	1.269	10.57	1.8414	7.0836	-4.7171	4.3159	6.5455	-9.3203	7.153	9.7796	0.19105	5.9536	-3.0248	9.4603	-5.7871	-4.6205	3.9684	9.7843	9.2467	6.2501	1.5057	2.262	-8.089	9.5826	1.6458	-8.856	-4.9125	2.5251	-9.8358	5.5775	7.7033	-7.7373	-6.9154	8.2622	8.0113	5.4239
1.5671	-5.8107	3.479	5.5116	-1.1579	3.252	-5.43	6.3562	9.8351	10.267	7.0603	2.1548	-0.25713	5.445	-9.0344	5.2254	2.021	8.6686	3.6305	-5.3237	6.8058	-0.49049	2.4633	0.46544	0.34083	-3.0034	6.0729	-3.1254	9.0728	1.4346	3.2042	0.74948	1.6782	6.6496	2.5275	1.1841	1.3838	2.857	-0.62585	10.698	2.4455	3.7314	0.9327	-0.090943	9.6799	5.0623	-6.4696	9.9427	2.4953	8.9109	8.4145	-0.66452	8.423	10.266	5.0334	8.4424	10.149	10.201	7.8177	-5.6567	-2.9562	0.52823	-0.53793	4.2486	5.196	8.9578	7.7058	-6.5939	7.9416	7.7518	7.6144	6.5068	4.8958	2.8817	9.3609	8.5914	1.4846	3.684	3.5069	-7.5437	10.976	-6.9833	1.784	-0.43985	1.0098	0.9156	8.3749	-8.57	8.632	-1.2496	-2.3051	8.5674	5.8228	-9.1188	-3.3274	10.855	-8.4703	9.8143	4.532	-4.5384	10.198	7.859	9.0729	10.251	3.8026	4.2836	4.4526	1.6853	2.3787	0.97127	1.4672	6.233	9.0533	4.5771	5.3326	-2.7254	6.5766	5.1837	1.966	-0.49115	2.353	7.4577	10.767	4.8593	1.9725	10.306	8.8983	5.8802	6.2418	5.0317	7.0687	-7.3369	2.7158	9.9912	9.8121	5.2427	5.7285	4.7493	9.2704	4.5034	-3.0754	4.7366	0.47389	5.5854	3.2906	8.4046	2.1229	-2.2088	9.6859	8.883	2.869	5.9915	5.8744	2.1351	1.0961	-3.4684	-0.9447	-8.3851	10.202	3.6377	3.8949	10.422	2.3783	10.323	10.057	-2.0393	2.8946	8.7944	-5.7641	8.0916	8.8767	10.358	10.685	7.7924	7.5895	5.826	-1.75	8.3117	9.2175	-3.5773	4.9001	-5.1741	3.1466	8.1905	2.7585	7.5953	-5.2548	10.897	2.6337	9.6207	5.6451	0.43957	9.0513	8.799	3.5233	2.754	6.7849	6.5801	5.3829	3.2188
5.6273	8.3189	-1.5591	2.5811	9.665	4.1119	8.088	-0.62024	0.27628	1.8311	5.1808	2.0226	2.0573	-6.4628	3.6853	5.6354	9.9333	3.6593	7.279	-4.2334	1.9557	4.635	-6.0389	0.34083	0.88657	-5.2582	9.4365	9.78	5.9648	7.992	-3.9627	6.7066	2.3867	8.9162	10.223	9.2384	-2.4873	7.6516	10.372	1.0663	-0.1042	10.295	9.2203	6.4812	-8.8507	7.5569	1.1411	2.7794	9.9784	8.9213	7.9288	7.1697	5.7113	-0.70128	2.0787	-8.8211	5.3307	2.1838	3.5684	5.5587	5.0045	4.3116	3.1393	3.6915	10.118	10.814	9.0776	9.4968	5.8033	-6.1261	-0.50419	-1.1623	5.9734	1.8858	0.11368	10.427	2.8508	9.1077	-0.46023	3.2318	-0.99984	5.8195	10.053	7.384	3.859	1.9788	-1.1185	5.5818	8.7693	1.3773	5.9889	1.9989	-7.4915	-6.7032	6.3502	2.6895	3.3209	7.6656	9.7363	3.4951	7.4488	6.7149	6.9937	3.4504	1.1638	2.1347	7.8269	2.6898	1.298	-9.2697	11.079	3.8536	0.27539	-3.4215	2.5117	8.9943	-7.357	-0.3162	1.0902	3.9824	10.102	7.1347	1.7604	4.4133	5.0395	2.7599	9.7326	9.0133	7.5588	5.2847	6.2616	6.5456	7.0118	2.987	8.9286	8.2169	2.0295	-2.1462	5.4224	8.5834	1.0533	10.237	8.82	8.9574	0.36653	-3.9892	8.3688	7.313	6.6257	8.2262	5.767	9.6929	3.8913	5.2686	4.9455	6.1143	6.1597	5.5136	7.3488	-3.0248	7.3939	9.4834	5.7161	3.9608	9.0548	6.5028	-1.6369	0.44965	2.1329	2.8556	7.9627	1.4199	7.6791	10.441	-0.1734	3.8556	3.8361	7.929	4.6863	7.6528	0.36958	0.41848	-5.0254	10.026	-6.3004	10.591	1.6067	4.4144	1.4318	6.3704	4.2613	2.8878	7.3886	3.0742	-8.8377	10.053	8.1403	-7.9252	2.3595	2.4612
10.266	2.6445	9.9919	5.8216	2.2665	2.5276	-4.5664	7.5689	7.2089	10.847	3.3689	1.3019	6.8625	3.7415	-7.5439	3.8994	2.5835	4.599	8.1356	10.983	-2.5136	10.325	4.1144	-3.0034	-5.2582	1.3645	6.8592	2.0553	-7.4845	7.809	5.5893	6.4445	8.0907	4.1377	6.0697	7.7523	4.8945	3.5755	9.6471	3.8886	-3.0516	-1.0625	7.0257	8.3628	6.3346	2.654	5.5485	2.69	7.2272	0.92688	-5.0217	3.2978	9.423	10.386	10.779	5.9317	5.3734	11.244	0.89712	10.562	1.7151	1.9545	9.0427	-5.2096	-0.69802	4.3688	-8.5293	1.7547	3.7355	2.3893	-0.7376	1.5367	4.3968	11.128	6.1063	2.0677	3.9774	-3.438	3.5797	-3.4653	10.51	-4.31	-8.0701	4.2872	3.9025	10.188	-8.645	2.2426	-9.0359	10.568	9.7861	-6.2068	0.9416	-2.1719	-4.8326	-0.78794	-2.4521	-1.3829	5.2385	3.5593	7.4941	6.8844	3.8148	10.089	2.5206	-8.9612	8.5693	8.1529	-0.071819	-0.3957	11.314	4.6114	7.6097	3.3765	5.7794	0.73514	10.581	4.0787	-6.1007	6.6136	6.0115	-4.4819	8.5886	7.0609	6.7574	3.2422	8.0261	5.0219	8.391	2.6949	1.4354	8.4787	10.733	3.8731	9.3666	2.8568	-2.1179	5.4822	7.477	-8.0689	8.7496	9.5934	1.8126	-8.7675	-4.9127	8.7989	-0.41062	-2.0459	4.0202	7.8689	5.4744	2.3571	5.0778	1.9076	-8.6328	3.6776	-7.2749	11.009	-8.3189	-3.4676	6.3938	2.4149	7.1241	1.8253	-1.9863	7.1679	8.9805	7.1538	-5.9561	-1.7291	7.8921	-3.2854	-3.9959	9.3417	2.1393	1.7105	-2.4942	5.7695	0.42232	11.257	-1.2166	-5.6285	8.1427	6.7857	1.7257	4.5486	-5.8156	10.956	-5.5929	-4.058	-8.805	0.056063	-3.8813	10.589	5.3669	7.9117	3.8997	1.5814	-0.2811	5.2921
7.7615	6.5596	-4.26	9.096	5.0784	8.1054	7.8792	6.1803	5.3171	6.2947	-7.8721	-7.7901	4.2555	4.5068	2.8913	6.9493	6.2036	2.9421	5.6148	4.4138	0.55055	0.51296	10.143	6.0729	9.4365	6.8592	1.2438	5.8523	4.5515	6.4487	8.8666	4.9824	3.7245	6.1157	1.7082	-0.58252	10.188	10.598	-5.7834	10.583	10.854	9.9776	3.7368	3.0035	-1.8036	1.4491	1.7521	-3.2895	4.2785	3.4802	9.6662	4.1466	4.2884	-7.5338	2.0835	-5.4267	-6.432	5.8862	3.5912	8.9765	9.1448	6.9596	2.0399	-6.527	-0.23699	9.8021	5.3252	7.2169	6.415	8.0824	3.669	3.8053	1.3723	4.178	7.4005	2.1851	7.7171	8.8318	2.2376	4.0592	11.373	1.308	10.068	4.7924	7.6381	3.0485	10.231	4.8179	6.2126	-8.1704	7.2976	8.5436	6.7337	3.4173	3.3532	4.7581	10.805	6.7243	-2.2224	4.5372	0.52816	5.4662	3.5272	4.6502	10.534	5.3174	4.9153	5.4658	8.5147	9.5675	7.8944	2.3587	10.253	1.2778	7.8367	-7.3845	-3.8446	1.937	5.8154	9.8413	-3.7175	2.6181	11.386	9.866	3.8807	3.6342	6.8692	4.15	2.4128	2.6949	3.128	-3.3089	-2.9099	-0.43755	-0.14644	6.4303	4.9027	10.208	9.3437	8.1582	5.1517	1.4688	1.7852	5.9213	-2.5202	8.2022	-3.9655	-7.0717	4.4026	4.9441	5.8994	-7.0439	8.3402	4.0644	-0.07995	-3.7437	-5.8517	10.423	6.6503	5.9614	-0.85088	3.5263	8.4389	8.991	10.663	4.1836	5.7107	-3.5421	8.0403	2.6631	5.7482	-6.4254	-6.8094	7.3481	0.97231	10.06	7.6162	5.8937	1.724	1.0433	6.9423	4.8824	-7.4546	1.4746	5.9482	0.98086	8.961	5.027	-6.901	8.5959	7.759	6.5048	5.5763	-7.969	6.7727	5.7493	-4.1899	4.1421	8.1612	7.0455
