1.4379225075244904	6.741899691522121	1.6648458242416382	8.054830253124237	-6.143983602523804	3.4641419053077698	-2.286117434501648	4.627158582210541	8.32995891571045	-7.518322169780731	-1.9458781480789185	1.4819156527519226	-4.277363061904907	-1.683231770992279	5.140092492103577	1.7726048827171326	.658989429473877	-2.040657699108124	1.9507373571395874	-3.6314499974250793	8.311806917190552	4.482337057590485	5.098788380622864	2.901770055294037	-7.863893508911133	5.213572323322296	7.190141558647156	-3.936145603656769	-8.146493196487427	-.8423742651939392	-4.566768050193787	-2.8471623063087463	5.68660306930542	3.6677077412605286	-6.501591324806213	3.8700749278068542	-8.156657934188843	6.3675366044044495	9.627309918403625	10.367116391658783	4.251397132873535	-7.6767866015434265	7.99223792552948	8.54258269071579	-5.457456827163696	-1.5349029898643494	-.6944659948348999	6.589039742946625	4.287031650543213	7.259679138660431	-2.321046471595764	8.789873778820038	1.4779655933380127	3.6314592957496643	-7.266959071159363	-3.433833658695221	1.2656745910644531	10.1348198056221	2.956504702568054	-1.2264307141304016	.9420897960662842	-.6240991950035095	-1.6844075918197632	10.249179780483246	.17511892318725586	-7.315524756908417	-3.886534333229065	1.6084153056144714	1.4930212497711182	.03582388162612915	8.099575161933899	1.2918886542320251	1.018782615661621	2.222610294818878	3.8290356397628784	5.862282931804657	7.454490423202515	7.27675586938858	-5.7279990911483765	6.551226556301117	2.315708637237549	4.141314804553986	.6730388402938843	1.056168258190155	10.415852785110474	10.592349112033844	-4.339493632316589	-6.412747919559479	.6005649566650391	1.4108036160469055	.6059244871139526	-.8358076214790344	10.732088804244995	-4.19561904668808	-1.7666467428207397	-5.836851179599762	-3.076355457305908	5.079416573047638	2.4787667989730835	-4.886398613452911
6.741899691522121	.9224149286746979	4.221797406673431	-2.785148859024048	7.376217186450958	2.3718968629837036	-6.691217243671417	2.9048399925231934	4.952805578708649	-3.57860004901886	7.03120893239975	7.326964616775513	2.7845552563667297	3.04285204410553	9.952979743480682	1.3691034317016602	3.8557801842689514	3.2105573415756226	9.66241306066513	6.134955167770386	4.198645889759064	-3.5181721448898315	9.881615817546844	1.9909138679504395	10.627544462680817	9.168858408927917	-7.174140989780426	8.862943887710571	8.72346955537796	1.7606016397476196	7.812952697277069	-4.216545104980469	5.068391382694244	-4.405357003211975	3.12262099981308	10.68817687034607	-1.2703682780265808	4.779075741767883	-5.894122898578644	10.463035106658936	6.994238913059235	3.364375948905945	4.544398248195648	2.24102520942688	7.353362858295441	9.76527750492096	7.259900748729706	-8.050911903381348	9.736630022525787	10.432647109031677	10.973514974117279	4.104984998703003	-7.003481566905975	-3.224640727043152	2.415160357952118	-7.135827541351318	-4.357267320156097	10.332171320915222	-.3170796036720276	-7.6833226680755615	.8265789151191711	5.193598389625549	4.8524176478385925	5.033971786499023	6.57533985376358	-3.3262115716934204	9.836188733577728	-8.134151697158813	6.27664977312088	-8.767602801322937	-6.50694066286087	3.9872946739196777	-.5871304869651794	8.64646327495575	-5.012480795383453	3.195369005203247	10.545461475849152	8.43228304386139	7.399097144603729	8.456074714660645	9.549364626407623	-6.482714295387268	-3.4182639718055725	7.70123553276062	-7.902630507946014	-1.8380917310714722	2.2731677889823914	-2.124629497528076	.3944931626319885	-3.868529438972473	-4.545711576938629	9.232568979263306	8.162354290485382	-1.881949782371521	-9.041467010974884	5.883365631103516	-.12645190954208374	-.5876423120498657	7.331250607967377	4.591615438461304
1.6648458242416382	4.221797406673431	.9518983662128448	-8.296405017375946	5.114043593406677	5.731929004192352	8.157185792922974	-2.839608609676361	-6.486347079277039	-2.2284937500953674	4.338985443115234	4.348591148853302	2.3844879865646362	3.644018828868866	-7.270837068557739	-1.5079898238182068	5.609300255775452	-.7152915596961975	7.439473628997803	6.2802847027778625	1.3686927556991577	.46182459592819214	9.96546196937561	-5.08425372838974	9.875495076179504	.9484996199607849	-8.454163551330566	2.4102967381477356	-8.640861630439758	9.94462364912033	1.7718446254730225	7.132283270359039	-1.6999696493148804	8.74871963262558	.44664812088012695	-2.396626651287079	6.913930296897888	-7.320181667804718	-4.305302381515503	-7.454570233821869	2.8863240480422974	8.249333322048187	-4.678892135620117	-7.822614371776581	3.356799006462097	-2.4170640110969543	-2.578967332839966	6.762119352817535	-.8465808629989624	2.092430531978607	7.239039897918701	-3.5966703295707703	11.277099967002869	-.6023710370063782	-.7215135097503662	-7.907589375972748	1.6359835863113403	8.49822610616684	-9.339106559753418	6.005326569080353	-1.9701863527297974	2.1956745982170105	3.735320806503296	.049487173557281494	4.384310364723206	-4.2349401116371155	1.9377427101135254	5.660622417926788	-8.7644544839859	-3.1230247616767883	6.9004223346710205	5.849657595157623	-3.5356825590133667	7.769396722316742	1.8112869262695312	-4.500411689281464	-5.719473958015442	1.6695582270622253	5.023302793502808	-2.0876445174217224	5.4575477838516235	6.465826451778412	8.9138503074646	6.605720341205597	-2.1833893060684204	2.6295759081840515	10.994098901748657	5.360139429569244	-3.0388306379318237	1.3870639204978943	1.2683820724487305	-7.48436039686203	1.2612799406051636	-7.85869437456131	-5.156427621841431	-8.481306970119476	-8.912024855613708	10.14394897222519	-8.211543560028076	9.719092190265656
8.054830253124237	-2.785148859024048	-8.296405017375946	.9460677206516266	.11139529943466187	1.431490182876587	5.454952538013458	-8.262483954429626	-.569805920124054	7.310178756713867	4.098910391330719	7.589045882225037	7.618656098842621	9.4827401638031	8.974683582782745	-6.518267512321472	9.809532821178436	-4.865583896636963	-4.555972516536713	-2.644787907600403	-4.566572725772858	-8.716543912887573	-3.747513473033905	-2.3381837606430054	-4.046830952167511	2.9529924392700195	-6.111230790615082	-6.33655321598053	-7.151810705661774	10.592915296554565	-.8058769106864929	4.978450894355774	9.848895728588104	6.7517476081848145	3.2217097878456116	-8.621503949165344	4.421047627925873	7.998520135879517	5.345979988574982	-7.164554953575134	3.500130832195282	-7.905353546142578	-5.377951562404633	.8182309865951538	5.475732743740082	-7.58420205116272	.3950689435005188	-3.16026771068573	-7.574082672595978	1.6237788200378418	-.8403906226158142	2.2536476850509644	-3.3983998894691467	8.588401079177856	-3.3309733271598816	9.301371216773987	-8.839076817035675	3.559359550476074	-8.705158174037933	1.4088672399520874	5.153630197048187	.5881068706512451	6.6361148953437805	1.7335454225540161	3.75544136762619	6.199728488922119	-2.62117999792099	-7.038864254951477	8.752428472042084	-.6851823329925537	6.405220329761505	-.6474364995956421	-.7246101498603821	-6.578649520874023	-1.8467568755149841	7.040824294090271	.7842254042625427	2.99656081199646	-7.774145305156708	.5778590440750122	5.302311599254608	7.1788153648376465	2.2504354119300842	4.7314289808273315	1.9008764624595642	7.689488649368286	-3.011845290660858	4.531990647315979	7.433374583721161	7.004837989807129	7.693346083164215	9.569570899009705	-8.480137884616852	5.777878522872925	-9.277117908000946	-5.459358096122742	-4.218628227710724	-9.489741802215576	-2.6044506430625916	8.04499614238739
-6.143983602523804	7.376217186450958	5.114043593406677	.11139529943466187	1.6737466156482697	-4.751636207103729	-1.7081218957901	-7.3174479603767395	-3.431408643722534	2.0554352402687073	3.531638264656067	-5.50884872674942	10.390331268310547	6.629768192768097	-4.6464444398880005	7.990077197551727	6.7093589305877686	3.6956668496131897	-4.904052138328552	-1.9669714570045471	5.307839870452881	-3.4395567774772644	.23092210292816162	-1.2636006474494934	-3.249833822250366	5.286292135715485	6.723749279975891	3.7761539816856384	.36733150482177734	4.112166225910187	-2.3577605485916138	-4.065297901630402	6.4913060665130615	-1.874349057674408	-4.983883261680603	6.8977736830711365	7.939411640167236	-4.81516045331955	-2.0536056756973267	-2.6987059712409973	5.748696565628052	-6.909791886806488	-6.035250544548035	-1.971741259098053	1.1603107452392578	4.006490528583527	9.642898440361023	8.75560873746872	-2.1461193561553955	8.134553492069244	-2.548028349876404	7.75110524892807	-1.5681157112121582	10.633271515369415	7.871888518333435	-7.079795181751251	5.15402626991272	6.791401922702789	2.7507325410842896	-7.897065699100494	-5.078387260437012	-5.5505401492118835	7.91412627696991	11.62076586484909	9.511926412582397	2.6715932488441467	-.9753936529159546	-3.9265080094337463	-3.9373984336853027	-8.33254212141037	8.690998435020447	10.386100471019745	7.805999040603638	4.964092314243317	9.827792286872864	.10564941167831421	3.0535812377929688	-4.172207057476044	-.7354832887649536	-2.0518577694892883	-4.56971287727356	10.935988962650299	-3.3948854207992554	5.595402657985687	-5.641092777252197	8.299117386341095	-4.6626821756362915	-6.258050262928009	5.794458627700806	-4.567501962184906	10.192022442817688	6.391872823238373	-2.791440010070801	-3.221791446208954	9.752663493156433	1.4057065844535828	6.823806524276733	-8.623040616512299	6.314590096473694	-.7026939988136292
3.4641419053077698	2.3718968629837036	5.731929004192352	1.431490182876587	-4.751636207103729	1.1608768999576569	3.838596761226654	6.989970922470093	4.203818619251251	6.346565365791321	8.315798938274384	-1.5593247413635254	.7920532822608948	4.492446780204773	-1.2815800309181213	-4.680500745773315	-2.771350085735321	6.562999367713928	-5.724597275257111	-5.254233360290527	4.936399042606354	1.8811601400375366	7.849479138851166	10.601496458053589	-6.379682242870331	4.024748921394348	8.296545207500458	-6.171721935272217	9.252024710178375	-1.7516566514968872	9.075035989284515	1.9741461277008057	-3.695884883403778	-1.8448461294174194	.10530060529708862	-1.0095443725585938	9.23453575372696	-2.3811012506484985	-4.1210227608680725	-4.721243143081665	8.220959961414337	-2.0443209409713745	-3.181631863117218	8.987670421600342	-8.854837357997894	-7.654146313667297	9.885814607143402	-5.440237760543823	-4.172604739665985	9.505914330482483	5.443072021007538	-7.47158145904541	-3.4892391562461853	.6103605031967163	9.36068481206894	10.564720869064331	4.595588982105255	-5.536425471305847	6.377361476421356	-6.22567892074585	3.623810827732086	9.921696543693542	-7.290650427341461	-6.755683660507202	9.513334095478058	4.564499497413635	-8.090189278125763	-4.159875869750977	1.0424180626869202	-5.382735848426819	-8.021804392337799	6.252357244491577	.5840485692024231	7.12265408039093	8.71961897611618	-2.706301212310791	3.0903130173683167	-3.6374093294143677	-.6457653641700745	-3.554222822189331	6.326775372028351	7.530128121376038	-8.623389542102814	7.656041145324707	-8.643148839473724	-5.348671555519104	-6.334896624088287	-8.615365266799927	-6.723817527294159	-1.2428635358810425	3.8412343859672546	-1.0987277030944824	-3.802987039089203	5.305254817008972	.8790635466575623	2.83211350440979	2.482562839984894	1.85201895236969	-5.0354350209236145	5.956638336181641
-2.286117434501648	-6.691217243671417	8.157185792922974	5.454952538013458	-1.7081218957901	3.838596761226654	.03417709469795227	-7.332528293132782	2.115883231163025	5.257613360881805	4.909561395645142	-4.296016156673431	-5.202933192253113	3.6398152709007263	7.0038862228393555	-1.3135620951652527	9.56904399394989	9.42935436964035	1.866098165512085	3.226345121860504	-7.340707182884216	4.5663551688194275	10.28861665725708	3.947912037372589	-5.172482132911682	1.4958249926567078	5.307025194168091	-1.2150844931602478	9.350025296211243	.5895289778709412	10.809446334838867	-1.4724223017692566	4.254097819328308	-3.1821349263191223	-6.604083299636841	6.619441092014313	3.802369713783264	-8.328260958194733	.4877619743347168	9.20424348115921	4.227201819419861	.3344394564628601	-8.31302809715271	-3.577207028865814	-4.284943461418152	6.103512704372406	-.6144247055053711	.9598429799079895	4.640872836112976	4.062637984752655	5.625015020370483	-2.1590327620506287	10.052441239356995	-1.9964976906776428	4.2055230140686035	5.479434788227081	-5.595221161842346	-4.4023244976997375	-5.954504728317261	5.973084986209869	8.544504284858704	.8184852004051208	-8.20913314819336	-6.348797500133514	1.944212794303894	2.6128918528556824	-2.3255131244659424	4.87139230966568	3.186851143836975	-5.176636278629303	2.6254935264587402	.06645470857620239	-9.299907326698303	-1.6402481198310852	1.6286890506744385	4.041260302066803	1.740712285041809	7.621165215969086	-2.6660852432250977	-7.480374991893768	2.628961443901062	-5.83215457201004	8.915426015853882	-6.0588149428367615	9.232943177223206	4.643042027950287	3.181267261505127	-.4917280077934265	-2.2970129251480103	-1.0551126599311829	-8.067353010177612	7.482787668704987	-.5439757108688354	7.6482715010643005	-5.426687240600586	-6.266920745372772	10.40996253490448	9.676717460155487	-2.031073808670044	.5308142304420471
4.627158582210541	2.9048399925231934	-2.839608609676361	-8.262483954429626	-7.3174479603767395	6.989970922470093	-7.332528293132782	.039239317178726196	1.7185339331626892	-3.318103551864624	-4.328959167003632	9.961290001869202	7.0042402148246765	-8.895099639892578	-4.896224915981293	2.4879640340805054	-4.393673956394196	-8.612610101699829	-6.079392611980438	-5.210135340690613	8.283519446849823	-7.249260425567627	-5.054792821407318	-7.727551579475403	5.326775014400482	-4.078793287277222	-1.7555920481681824	-1.3492578268051147	-5.456351101398468	4.551806449890137	-.262417733669281	-4.5037819147109985	3.4926738142967224	-8.105813264846802	-6.943983256816864	2.033668637275696	-9.032265961170197	2.720503330230713	-2.3477129340171814	5.188081622123718	2.732440412044525	-9.50470519065857	10.159632980823517	.8815151453018188	3.5045053362846375	1.7973575592041016	5.001333296298981	2.5799726247787476	9.19011777639389	9.991620779037476	-8.74991911649704	-8.909722208976746	-6.631681740283966	2.1510214805603027	-5.262642323970795	5.606949687004089	8.025373876094818	-5.771620512008667	1.412809669971466	-5.990922331809998	8.539153277873993	-6.521727561950684	-.04637807607650757	1.4071964025497437	3.9135016798973083	-2.871089220046997	-2.3761064410209656	-.05983912944793701	7.262615859508514	-7.695987224578857	7.384012758731842	.8220213651657104	-3.454580843448639	8.194679498672485	1.2500317692756653	4.638898491859436	3.5499364733695984	-7.518730163574219	-6.096958100795746	-2.1041418313980103	-5.872330725193024	5.00527548789978	1.5485485196113586	-5.186213374137878	-1.3220294117927551	5.691195964813232	3.0258460640907288	-2.6237345933914185	-7.117579996585846	2.7184135913848877	-2.8326069712638855	9.62644636631012	-7.310801327228546	9.943068504333496	5.408186972141266	8.213926672935486	-6.452535688877106	-5.430066347122192	-8.354860484600067	-8.80837619304657
8.32995891571045	4.952805578708649	-6.486347079277039	-.569805920124054	-3.431408643722534	4.203818619251251	2.115883231163025	1.7185339331626892	.5362873375415802	-8.861659705638885	-7.325966477394104	.8495613932609558	2.1649820804595947	9.129039824008942	-8.019689440727234	-.7251363396644592	-4.484511375427246	-.2788316607475281	-3.202605366706848	-4.903757870197296	-.2095320224761963	5.831412851810455	9.831767678260803	8.289465844631195	7.038687229156494	9.631343185901642	4.78307569026947	.8898741602897644	10.575515031814575	-.030713021755218506	-5.046496272087097	-3.460748255252838	7.217296600341797	-.9577953219413757	5.107150912284851	10.282703578472137	8.76572871208191	-5.68243545293808	9.579405426979065	-1.3844700455665588	-2.257765293121338	5.705217659473419	-6.363680481910706	.780101478099823	9.372339487075806	-.020727097988128662	-5.9160155057907104	-2.687265932559967	-6.17995548248291	4.449971973896027	-3.8720942735671997	-.15943604707717896	2.6722028255462646	-6.114435613155365	5.482377648353577	2.1284226775169373	9.67289400100708	-4.3158175349235535	-8.270141243934631	-9.624287903308868	5.707799196243286	-7.704283654689789	.9303466081619263	-8.236720621585846	9.038576126098633	9.893688976764679	1.4807528257369995	-5.749707996845245	-4.21276593208313	-1.7028688788414001	1.2242780923843384	-1.3788872361183167	.670508861541748	3.142456352710724	10.809787154197693	-1.2178252339363098	5.984237909317017	2.305336058139801	7.301183819770813	8.308856427669525	1.8377351760864258	-.4274255633354187	-6.963214039802551	2.2423564791679382	-3.3618338108062744	-7.436016499996185	6.73870050907135	7.136568963527679	7.824923038482666	-9.095741927623749	.8721984624862671	-4.645041763782501	-3.146000623703003	-6.355149209499359	4.25508987903595	-4.382566034793854	8.432365417480469	6.935847103595734	1.917098879814148	1.7972261309623718
-7.518322169780731	-3.57860004901886	-2.2284937500953674	7.310178756713867	2.0554352402687073	6.346565365791321	5.257613360881805	-3.318103551864624	-8.861659705638885	.036584049463272095	1.6466917395591736	-1.8082773685455322	-6.293122947216034	-3.1723917722702026	-4.586658298969269	4.86951208114624	4.136164724826813	8.241804003715515	4.283083856105804	9.21925663948059	-5.89435213804245	-6.464067816734314	4.634275138378143	8.01360034942627	10.585968554019928	-7.07156240940094	6.338436543941498	2.5847575664520264	4.3143704533576965	5.814522862434387	-8.630371868610382	8.371387958526611	2.0290737748146057	7.4380234479904175	-4.336175978183746	-5.284528493881226	-2.0463497042655945	-9.1867173910141	7.228287398815155	-5.090816497802734	9.531398355960846	-6.102973580360413	7.500945508480072	7.491769552230835	9.409717857837677	4.010238766670227	-8.040235340595245	-5.203579425811768	-2.3255147337913513	1.5100363492965698	-3.017874777317047	2.747147798538208	8.334428608417511	-3.2884563207626343	1.9541966319084167	1.9056577682495117	10.055502474308014	5.059768080711365	2.6303123831748962	-2.2317726612091064	-8.854736983776093	-.4485253095626831	-6.257654964923859	-.6874213218688965	-.21275705099105835	9.407061457633972	4.859081208705902	-1.2052457332611084	-5.4746734499931335	9.99243414402008	7.4955965876579285	-6.204008102416992	4.998124659061432	4.990881323814392	8.47263091802597	-2.480400323867798	.9233496785163879	-7.175050616264343	3.525963008403778	5.337831020355225	2.3321905732154846	.3283175230026245	-3.8342142701148987	-3.411240339279175	.053687870502471924	.6676727533340454	8.78608101606369	-5.376845359802246	-3.5508913397789	1.5145848989486694	.023994863033294678	-8.89864468574524	10.396321594715118	2.4673815965652466	-2.630787670612335	-3.4598536491394043	-3.4758281111717224	-7.276976704597473	-2.9766674637794495	9.109632730484009
-1.9458781480789185	7.03120893239975	4.338985443115234	4.098910391330719	3.531638264656067	8.315798938274384	4.909561395645142	-4.328959167003632	-7.325966477394104	1.6466917395591736	1.828804761171341	6.629681408405304	6.881726622581482	-6.091263592243195	-.13115763664245605	-5.45080703496933	6.784242749214172	-4.748211920261383	3.007345199584961	-8.354213416576385	7.214503169059753	-5.852132141590118	-.9359352588653564	-5.659456193447113	-1.145912528038025	-3.9111419320106506	-7.753540515899658	4.8641164898872375	-2.5988231897354126	6.99339884519577	10.114526987075806	.8036018013954163	-4.19507110118866	9.878763139247894	-4.559821128845215	4.899417221546173	5.749853014945984	6.782731711864471	4.31661581993103	-4.907824456691742	3.390184998512268	-4.064531862735748	7.517702579498291	-4.180440127849579	-8.665737748146057	-3.818606197834015	1.1073429584503174	6.563198626041412	.8788987398147583	10.651062905788422	-6.701145172119141	-8.354459464550018	-1.5062400102615356	3.6830374598503113	6.564345121383667	1.2767296433448792	6.555738091468811	5.995762288570404	.9940848350524902	1.8514803051948547	8.333326697349548	-2.89055997133255	6.905884027481079	4.4959521889686584	-1.7790039777755737	4.017906129360199	.7044668197631836	-5.13537472486496	2.223567843437195	11.110503852367401	1.9908463954925537	5.18717485666275	-1.309409499168396	-7.656040728092194	6.9217000007629395	-5.434653460979462	7.300713896751404	-2.335743725299835	1.8187439441680908	-4.4801687598228455	-.7039355039596558	6.678511559963226	-7.971891403198242	-4.212859809398651	-2.0333796739578247	6.576849639415741	3.0297133922576904	-1.6335200667381287	-.615414023399353	.30427783727645874	7.796641826629639	5.816627323627472	-2.6112323999404907	-6.01743870973587	9.404516458511353	10.8028045296669	2.818947911262512	4.582097947597504	.890873908996582	-5.1064459681510925
1.4819156527519226	7.326964616775513	4.348591148853302	7.589045882225037	-5.50884872674942	-1.5593247413635254	-4.296016156673431	9.961290001869202	.8495613932609558	-1.8082773685455322	6.629681408405304	.11383333802223206	-6.327605783939362	-5.771161794662476	3.6933539509773254	1.7603164911270142	-5.367655575275421	-2.621164321899414	7.532845556735992	5.8152230978012085	6.11027330160141	-9.0372793674469	4.437038242816925	2.255402684211731	-3.3997395634651184	5.784875392913818	1.4258905053138733	3.6240071058273315	-.3870130181312561	-6.923559904098511	8.871899902820587	-2.1793664693832397	5.910110652446747	1.1671876907348633	2.3594780564308167	-2.101800560951233	4.98864072561264	7.40739893913269	10.794325649738312	-7.890182375907898	10.815313041210175	-4.660262584686279	-2.2371925711631775	5.205671191215515	3.8109650015830994	9.121124505996704	2.141327202320099	6.979888558387756	3.084910571575165	-2.8053855895996094	-5.044297158718109	-7.932581543922424	-7.080684721469879	-.7887308597564697	-8.509458720684052	.9909049272537231	-6.4964287877082825	-8.797966480255127	4.648613512516022	.45756232738494873	5.918672025203705	-2.000389814376831	7.560229599475861	-8.093949675559998	2.3715879321098328	1.910334587097168	-.5573863387107849	1.3033488988876343	6.679640710353851	-7.36395001411438	2.709278881549835	-8.808366656303406	5.0048786997795105	9.445982456207275	-3.670597493648529	-9.014850735664368	4.83845180273056	7.598615884780884	-.5627991557121277	-6.4829124212265015	-4.765013515949249	-7.986433029174805	.1913042664527893	6.836459517478943	-2.703039228916168	-4.80653977394104	6.884132206439972	4.254971623420715	-5.0909207463264465	-4.604197025299072	5.30126816034317	-1.356099247932434	-.27735191583633423	-5.945139646530151	1.330834686756134	2.9809690713882446	.3899499773979187	-6.546469688415527	.8228684067726135	-.8527809381484985
-4.277363061904907	2.7845552563667297	2.3844879865646362	7.618656098842621	10.390331268310547	.7920532822608948	-5.202933192253113	7.0042402148246765	2.1649820804595947	-6.293122947216034	6.881726622581482	-6.327605783939362	1.099641352891922	4.327034294605255	2.5635703802108765	9.095470130443573	2.584458589553833	10.163532316684723	-1.8958500623703003	6.798180997371674	-5.32111930847168	9.850665867328644	3.7687567472457886	-.6150558590888977	3.6454684734344482	7.044379770755768	5.366411805152893	6.625473916530609	1.1589655876159668	4.577376663684845	10.808675169944763	2.395929992198944	-5.104907751083374	1.1309919953346252	-8.030979037284851	-5.524207651615143	.014920234680175781	-6.842930972576141	2.7922123670578003	-5.405263721942902	-5.100752115249634	-7.950166165828705	10.653676629066467	-.2704926133155823	-6.867024898529053	8.567770302295685	-3.0311199426651	.6507965922355652	-4.260521650314331	-3.4945048689842224	4.052703022956848	1.7201151251792908	7.664985656738281	9.615632832050323	-2.771185040473938	-8.063330471515656	8.512951612472534	6.7806907296180725	-1.8109506368637085	5.234236657619476	7.528432369232178	4.434933960437775	7.602778792381287	9.028038680553436	-6.167539358139038	5.23626047372818	.9762898683547974	-5.988381922245026	-3.0935792922973633	7.988076031208038	-4.237841725349426	6.203712642192841	-2.673576593399048	9.8111692070961	4.718623757362366	7.245130479335785	5.747681140899658	-7.4344136118888855	-.48103487491607666	.9456250071525574	-6.861117124557495	6.522506773471832	9.610875248908997	-4.919230043888092	-8.733430862426758	-1.7138826251029968	3.3258360624313354	-8.561165630817413	-6.57049298286438	-1.0345119833946228	-4.76150643825531	.1176576018333435	9.443065166473389	1.5964463353157043	8.77603280544281	10.071524322032928	-5.126411199569702	-1.1865472197532654	6.077552914619446	-2.0919604897499084
-1.683231770992279	3.04285204410553	3.644018828868866	9.4827401638031	6.629768192768097	4.492446780204773	3.6398152709007263	-8.895099639892578	9.129039824008942	-3.1723917722702026	-6.091263592243195	-5.771161794662476	4.327034294605255	1.6114260256290436	-7.25290447473526	8.170387029647827	-2.629316985607147	-8.089088320732117	6.232697665691376	-4.47106409072876	6.930391371250153	7.776100039482117	10.308635652065277	10.210501909255981	3.867636501789093	-7.936603903770447	10.237055480480194	3.312924385070801	8.060287058353424	-2.316372513771057	10.882642209529877	-2.4595119953155518	-7.112811744213104	.8962546586990356	-1.428005039691925	7.000797748565674	6.712536871433258	3.2312458753585815	9.203001916408539	-2.7483460903167725	8.620256245136261	-1.3390477895736694	9.604215323925018	-3.4020729064941406	10.398371279239655	8.021982550621033	8.144226491451263	4.638433218002319	8.773383438587189	2.687078595161438	1.5910407900810242	2.0628085136413574	1.8946457505226135	1.4869898557662964	-2.7785473465919495	-8.301615476608276	10.068737804889679	5.882348656654358	6.1804205775260925	-1.192936897277832	10.743840754032135	2.3855451345443726	6.0904421210289	-.36780858039855957	8.744112312793732	11.23260223865509	-3.0890710949897766	1.195436954498291	-3.245938241481781	6.305050730705261	-1.9524183869361877	3.3436625003814697	-3.947075068950653	-2.6981958150863647	1.7117649912834167	9.045801162719727	5.4990392327308655	-3.8389660120010376	6.529882848262787	.9397313594818115	-8.235781371593475	10.732044339179993	-3.5972469449043274	-6.870848178863525	9.818128645420074	2.697147250175476	1.614982545375824	-8.769543409347534	3.662661373615265	-4.256462454795837	6.194342315196991	6.669610023498535	11.316310465335846	-7.014832139015198	.5211424231529236	-2.7709782123565674	-5.951453864574432	-5.365376353263855	1.1876069903373718	-4.155578136444092
5.140092492103577	9.952979743480682	-7.270837068557739	8.974683582782745	-4.6464444398880005	-1.2815800309181213	7.0038862228393555	-4.896224915981293	-8.019689440727234	-4.586658298969269	-.13115763664245605	3.6933539509773254	2.5635703802108765	-7.25290447473526	1.9772608578205109	7.733107388019562	-6.641587853431702	-.0961349606513977	4.754816293716431	7.205112993717194	7.104636311531067	-7.846859991550446	.6814546585083008	4.836317360401154	6.554813265800476	1.5317980647087097	-1.1856653690338135	1.5292473435401917	9.203999161720276	3.880354344844818	-.2396712303161621	6.042875111103058	-7.701773285865784	-5.36204320192337	-8.161776304244995	-5.210506856441498	4.318880200386047	.7642611861228943	-.8119049072265625	-8.118410766124725	.717070460319519	7.911306083202362	3.1306827068328857	10.428721487522125	5.898009896278381	4.845387876033783	-7.2232346534729	1.084393322467804	-4.544612526893616	7.118935763835907	-8.113464117050171	1.8429284691810608	2.655743718147278	3.992386758327484	.9789762496948242	-.9136540293693542	-.827154278755188	-6.393939316272736	10.691232442855835	7.881235182285309	10.072062134742737	-4.597964823246002	-5.612010478973389	.5256307721138	-5.955261826515198	8.796020686626434	-5.979153394699097	6.345887720584869	-6.107429385185242	3.099235475063324	7.237691879272461	3.743556320667267	7.261982798576355	-.30971938371658325	10.742077589035034	.49225717782974243	5.628499627113342	-1.5629850029945374	3.902595043182373	10.284556210041046	-5.46887743473053	11.368430316448212	7.6122496128082275	-5.471160352230072	4.056704640388489	10.596526086330414	5.397835731506348	-7.603810966014862	-.42567455768585205	-3.511815369129181	10.779311895370483	-4.882743775844574	6.719666123390198	5.0870460867881775	9.879175662994385	-3.4708616137504578	10.629384398460388	-4.214616596698761	11.281838655471802	-8.127746999263763
1.7726048827171326	1.3691034317016602	-1.5079898238182068	-6.518267512321472	7.990077197551727	-4.680500745773315	-1.3135620951652527	2.4879640340805054	-.7251363396644592	4.86951208114624	-5.45080703496933	1.7603164911270142	9.095470130443573	8.170387029647827	7.733107388019562	1.4124034941196442	6.9365381598472595	5.816395044326782	-5.325581252574921	-8.555406928062439	-2.863532841205597	-2.6522560119628906	.5142346024513245	-2.186562180519104	-2.8922682404518127	-3.8694536685943604	-7.450450122356415	6.412953495979309	5.439138114452362	5.349067211151123	-5.019012868404388	5.84586226940155	-4.5295310616493225	-7.21379542350769	4.721082985401154	-2.6317933797836304	-3.2231414914131165	2.745364189147949	9.503663122653961	4.936224341392517	.9031676650047302	3.222334623336792	-.7567827105522156	-3.4967764616012573	-6.6516411900520325	10.327162265777588	-3.3557257056236267	2.5664576292037964	5.7998709082603455	-8.043973684310913	-5.939222991466522	5.964000344276428	2.617994487285614	4.713113784790039	-4.394542634487152	-7.078379273414612	1.5702466368675232	9.082494497299194	10.509211361408234	3.3496581315994263	-1.184253990650177	1.8499960899353027	5.730474054813385	-.6101027727127075	9.139587819576263	-5.224920988082886	-8.185405433177948	-4.787557005882263	-3.5627811551094055	4.512711524963379	.003211081027984619	-.9374042749404907	4.448812425136566	4.785244703292847	5.593625843524933	-6.44227397441864	-4.2563565373420715	2.8042874336242676	-8.451819837093353	-7.765850186347961	-8.045536577701569	2.9425814151763916	7.353629410266876	1.3440033197402954	-5.738124668598175	-5.344123840332031	10.130518019199371	9.90211808681488	4.128708779811859	.654803991317749	-8.007445514202118	-6.0171040296554565	-1.715605080127716	-5.673244953155518	-7.3440136313438416	7.267184138298035	-2.0406585335731506	-2.592247724533081	9.29897528886795	9.839150071144104
.658989429473877	3.8557801842689514	5.609300255775452	9.809532821178436	6.7093589305877686	-2.771350085735321	9.56904399394989	-4.393673956394196	-4.484511375427246	4.136164724826813	6.784242749214172	-5.367655575275421	2.584458589553833	-2.629316985607147	-6.641587853431702	6.9365381598472595	1.627358466386795	9.872612297534943	-4.935202240943909	-4.438059151172638	-8.08478331565857	-7.557334840297699	10.580707669258118	-.17321068048477173	1.159132957458496	10.636974155902863	7.31531035900116	9.480267703533173	-7.834709405899048	10.647616922855377	2.1645408868789673	-1.992089331150055	-2.156215190887451	7.015303909778595	8.48624837398529	5.298573195934296	-8.909937620162964	-5.448746621608734	4.209571003913879	7.691305577754974	.5192966461181641	5.50906640291214	3.194311022758484	9.272228419780731	-7.549237489700317	-5.993398129940033	-4.159690260887146	.42140763998031616	3.142211437225342	9.697851479053497	5.94682252407074	7.609729468822479	-4.725753545761108	4.694814741611481	-7.178106188774109	-5.5542245507240295	-1.315302848815918	8.739373981952667	-5.358267903327942	1.9726974368095398	-4.647005319595337	1.6251693367958069	1.0600849390029907	-2.7849074006080627	-.36545324325561523	1.8694737553596497	9.067613959312439	-7.024121582508087	-1.254887342453003	-3.3649320006370544	.10126984119415283	9.883167684078217	3.49517822265625	-6.097884356975555	3.4036673307418823	6.687143504619598	7.2743308544158936	8.890038073062897	9.632460236549377	-3.1930657029151917	6.285634517669678	-2.270610511302948	9.719716429710388	.12748879194259644	10.030004739761353	-4.61626809835434	-4.0187071561813354	-6.953548967838287	2.040583610534668	-6.178489863872528	9.476210474967957	-7.228964626789093	4.867114782333374	9.437926828861237	2.616029381752014	-2.1350985169410706	-.6896815299987793	10.726817429065704	-.9757763147354126	-2.95497065782547
-2.040657699108124	3.2105573415756226	-.7152915596961975	-4.865583896636963	3.6956668496131897	6.562999367713928	9.42935436964035	-8.612610101699829	-.2788316607475281	8.241804003715515	-4.748211920261383	-2.621164321899414	10.163532316684723	-8.089088320732117	-.0961349606513977	5.816395044326782	9.872612297534943	.8320581018924713	5.104590833187103	-7.172485589981079	1.7161715626716614	2.8217564821243286	8.300172984600067	4.401551723480225	-4.938120782375336	-1.1998921632766724	4.054779946804047	5.9662697315216064	-7.435152232646942	10.06403124332428	4.498721778392792	6.866578102111816	-1.380452573299408	3.263612151145935	.7242226004600525	5.3507068157196045	10.105799973011017	-2.1805561780929565	.8947955965995789	8.61708116531372	-7.876846253871918	3.094502329826355	1.6046180129051208	4.111196756362915	-.02474135160446167	-7.18397843837738	-1.5120938420295715	-1.9275054931640625	-8.595758855342865	8.747368216514587	3.0782904028892517	-4.668764352798462	-6.924920737743378	7.609916806221008	4.918190181255341	10.355376720428467	-8.69002240896225	6.254924654960632	4.918188989162445	-2.4525554180145264	7.072742283344269	-5.9145931005477905	-2.033590614795685	9.791411399841309	-3.796843945980072	-8.27198851108551	8.787887990474701	8.249569654464722	-.09864681959152222	-9.045105814933777	-.9460495114326477	4.409407138824463	-4.537805497646332	6.85559356212616	.7415866255760193	10.380481958389282	5.259642422199249	4.258906006813049	-.2571747899055481	5.44129753112793	-3.018864095211029	-8.595239281654358	-5.2758908867836	7.836177587509155	-5.888034522533417	-2.133905291557312	-1.764329731464386	-5.177858829498291	6.669648230075836	2.720727801322937	4.0709046721458435	6.965777635574341	-3.8116971850395203	1.9732376337051392	-.12425261735916138	-1.3098783493041992	-5.046975553035736	-3.7731653451919556	-2.9919524788856506	7.071528196334839
1.9507373571395874	9.66241306066513	7.439473628997803	-4.555972516536713	-4.904052138328552	-5.724597275257111	1.866098165512085	-6.079392611980438	-3.202605366706848	4.283083856105804	3.007345199584961	7.532845556735992	-1.8958500623703003	6.232697665691376	4.754816293716431	-5.325581252574921	-4.935202240943909	5.104590833187103	1.232353001832962	-2.7499725222587585	-4.487202286720276	9.731585681438446	-3.7708346843719482	-5.471017301082611	5.438972592353821	-7.246644079685211	11.206451416015625	1.1846049427986145	5.656441569328308	-3.4790967106819153	-4.887425661087036	11.522741377353668	-2.916887640953064	-6.729749262332916	11.188195705413818	.002559483051300049	-5.627755761146545	9.257929027080536	10.995266199111938	1.28342205286026	1.6468230485916138	1.9328517317771912	5.776400566101074	1.521762192249298	4.483936190605164	4.3581902384758	-2.9357473850250244	6.917958319187164	-7.850852370262146	-1.116751253604889	3.5408902168273926	3.5132091641426086	4.080872893333435	-5.934660732746124	-6.852829694747925	-1.763591229915619	10.624754071235657	-.1583433747291565	-3.5578861236572266	-.7989785075187683	-1.981965184211731	9.951153457164764	9.212280988693237	-5.74804300069809	-1.376064658164978	.6064152121543884	8.331145763397217	.7624452710151672	-8.583972573280334	.4155351519584656	8.868471384048462	7.680911600589752	2.7126094102859497	2.553989350795746	7.449685096740723	-4.172148406505585	-4.8389188051223755	1.1865116953849792	5.865253210067749	-5.5572938323020935	-2.02768075466156	5.138968884944916	9.930056095123291	-7.019263446331024	-2.594948410987854	5.820235431194305	.5927631855010986	1.1598992943763733	7.500232815742493	5.394068658351898	1.2952079772949219	-6.742278754711151	-4.93458092212677	-5.799016296863556	.5817630290985107	8.658174574375153	-1.090856909751892	8.430128514766693	1.9587149620056152	10.648551762104034
-3.6314499974250793	6.134955167770386	6.2802847027778625	-2.644787907600403	-1.9669714570045471	-5.254233360290527	3.226345121860504	-5.210135340690613	-4.903757870197296	9.21925663948059	-8.354213416576385	5.8152230978012085	6.798180997371674	-4.47106409072876	7.205112993717194	-8.555406928062439	-4.438059151172638	-7.172485589981079	-2.7499725222587585	1.1716441214084625	.5453285574913025	-4.865552663803101	3.00943785905838	.5980430841445923	-8.0593803524971	-2.733064651489258	2.8249807953834534	-7.532101273536682	6.4592360854148865	-5.304018259048462	-.9111081957817078	9.758549809455872	-.6059144139289856	-.9673905372619629	-.5831674933433533	6.304163813591003	9.773427426815033	5.908349275588989	-.25424641370773315	6.139103531837463	6.095247447490692	2.1471147537231445	-4.306730210781097	4.7948020696640015	-1.688366949558258	10.187077283859253	3.167034924030304	-2.1533621549606323	10.063148200511932	1.7525410652160645	-4.775883138179779	10.710809588432312	5.163208425045013	4.775818109512329	4.180372536182404	9.691211342811584	-1.667544186115265	8.569103240966797	-5.030177056789398	-7.723692536354065	.1831340193748474	-3.7536509037017822	-2.2459718585014343	5.686007618904114	7.4534632563591	-6.604858875274658	3.781462252140045	-3.3314582109451294	-6.507984697818756	7.998572587966919	2.4968884587287903	3.5473352670669556	-1.007911503314972	2.607119560241699	4.900734007358551	-3.4821163415908813	.9760827422142029	.7605159282684326	-2.8415347933769226	4.19462788105011	3.0298745036125183	10.65962839126587	-.5400375723838806	-4.592170834541321	5.787191808223724	3.088331460952759	-2.871104896068573	9.250444054603577	7.663989245891571	-.41461753845214844	-2.0179032683372498	9.374999403953552	9.842822968959808	9.866296529769897	-5.061060130596161	-5.459532618522644	5.507225692272186	9.495221614837646	-4.119288861751556	-2.590859532356262
8.311806917190552	4.198645889759064	1.3686927556991577	-4.566572725772858	5.307839870452881	4.936399042606354	-7.340707182884216	8.283519446849823	-.2095320224761963	-5.89435213804245	7.214503169059753	6.11027330160141	-5.32111930847168	6.930391371250153	7.104636311531067	-2.863532841205597	-8.08478331565857	1.7161715626716614	-4.487202286720276	.5453285574913025	.5411916077136993	.677479088306427	-5.2331119775772095	-7.499500572681427	-1.4728095531463623	1.063179075717926	-2.14635169506073	-1.4200120568275452	1.6728591918945312	5.230544865131378	-.7179127931594849	6.553660571575165	8.585102796554565	-7.0453380942344666	8.269428849220276	-2.205252707004547	-5.73125696182251	-3.218876540660858	1.1041864156723022	-7.373326599597931	1.9483282566070557	9.197905600070953	-7.494462847709656	1.6199344992637634	5.052508354187012	7.057242214679718	6.232697367668152	-5.861028492450714	9.448409795761108	5.247500002384186	1.944297432899475	8.139045655727386	-.0739893913269043	-6.384946525096893	-2.692243218421936	1.2131134867668152	.9325153827667236	2.1361599564552307	-8.641341090202332	.888701856136322	1.5567302703857422	3.338834583759308	-2.8898736238479614	3.174782931804657	5.763437986373901	10.974725306034088	7.412195801734924	-7.64135080575943	-7.122227191925049	-.05901211500167847	2.0611928701400757	-6.947211563587189	-1.6804044246673584	8.452160894870758	11.159107327461243	.4917587637901306	-7.412131309509277	4.462040722370148	-1.2770320177078247	-2.920936405658722	1.4950311183929443	9.33555656671524	-8.455782294273376	4.184026658535004	-3.3486266136169434	5.770645439624786	.2980884313583374	-7.811333000659943	-3.8005874156951904	5.970127165317535	-3.097023844718933	-5.215426027774811	-.20173263549804688	9.063579380512238	7.129815936088562	-.48021775484085083	-2.1419670581817627	-1.2207874655723572	.46145689487457275	6.595646798610687
