.12905198335647583	-1.4785259738564491	-6.852419055998325	-1.29132030159235	-7.031475819647312	-5.910350896418095	-1.919333852827549	-4.0727240815758705	7.00514030456543	8.07486641407013	5.473902463912964	9.467638850212097	-7.1176438331604	10.262604355812073	-7.979596853256226	-2.0697323083877563	-4.338046073913574	-4.080228686332703	-.9204237461090088	2.5133875608444214	-9.276793956756592	-4.748676657676697	8.500420808792114	-5.88566267490387	-4.404224395751953	2.1516696214675903	-4.7332985401153564	-7.258216023445129	-1.4465336799621582	6.173422455787659	6.340698480606079	9.734472632408142	-6.292027473449707	-8.003852725028992	-7.993042230606079	-5.520023465156555	4.6026291847229	-2.604887366294861	-9.283959150314331	-3.366552948951721	-3.693838119506836	5.710040211677551	.42827486991882324	6.836363673210144	-1.993563175201416	-5.186145186424255	-7.542497396469116	2.9352840185165405	-8.89578914642334	-.41856563091278076	-1.1851675510406494	-5.299406170845032	-3.1931185722351074	-5.141640067100525	6.052388429641724	.045256972312927246	-7.777763366699219	-7.070334315299988	-.39293980598449707	-2.2564345598220825	-8.047794818878174	2.4885889291763306	-9.355746984481812	-4.350110650062561	7.186606407165527	4.10532009601593	.4016377925872803	.4174269437789917	-.7030997276306152	-6.804247260093689	-6.967098951339722	10.716954588890076	-8.070062637329102	-8.509766459465027	-6.048505067825317	1.955576777458191	.6017088890075684	4.0023123025894165	-7.325612783432007	-8.504523873329163	-6.2089033126831055	-8.502508044242859	-2.83418869972229	-3.627336621284485	-8.466376781463623	8.461978554725647	-6.318983793258667	-7.484272599220276	-2.4847984313964844	-4.428568720817566	-5.889983415603638	-5.535414814949036	-5.3341145515441895	-5.340287566184998	-2.178657293319702	-2.410768151283264	-9.746380805969238	-1.812362551689148	1.0057904720306396	-1.1915093660354614
-1.4785259738564491	.8916645646095276	-5.124460816383362	-2.7275452613830566	-1.0675925016403198	2.0325767993927	-1.0354644060134888	.31853389739990234	1.5812832117080688	1.1942145824432373	-5.2460514307022095	1.4980435371398926	-2.5367707014083862	.11153626441955566	-.8017541170120239	8.235666275024414	-7.755372405052185	3.3625447750091553	9.199160933494568	3.129912853240967	8.648500561714172	-5.254053831100464	6.449442744255066	-6.828127861022949	-3.451738715171814	-3.2501003742218018	-9.22339403629303	-.536038875579834	-8.438536524772644	-7.479232549667358	-1.0133191347122192	-.5613250732421875	.14355146884918213	-4.668134927749634	6.207963347434998	-6.42266321182251	-6.8183897733688354	-3.447788953781128	.7347649335861206	-2.371151924133301	-1.9118846654891968	-1.8847229480743408	-4.62883722782135	-6.6715617179870605	-8.605316996574402	-8.512262105941772	1.2747496366500854	-5.383584976196289	-3.1541799306869507	10.138221502304077	-4.699616074562073	-7.643085956573486	-7.007326006889343	2.506058931350708	-6.156060338020325	10.556649208068848	-.7132171392440796	-.5299656391143799	-2.8139435052871704	-.9163374900817871	7.67382538318634	-6.6828649044036865	-3.66411030292511	1.8860740661621094	-8.312629103660583	-6.788698434829712	-2.625139832496643	-3.289167881011963	10.042629361152649	-1.837822675704956	4.30040442943573	-1.677536964416504	-1.2697986364364624	-1.506140947341919	-2.6302753686904907	3.2218213081359863	10.609828114509583	2.8136465549468994	5.943538546562195	4.864839553833008	6.504141449928284	.480792760848999	2.8298295736312866	-8.61872148513794	-6.207586169242859	-.4247462749481201	-5.872403264045715	-5.2065229415893555	-1.4956916570663452	9.366438627243042	-3.429395318031311	.7351021766662598	10.913628697395325	-4.718040227890015	9.371133685112	-9.330101013183594	.6320692300796509	-1.62361741065979	3.5637296438217163	-7.389559268951416
-6.852419055998325	-5.124460816383362	.4743426442146301	-4.5377949476242065	-7.723594903945923	-5.985749363899231	-3.652656078338623	7.25729238986969	-3.2196319103240967	-3.7623592615127563	-3.2676773071289062	-1.9426077604293823	7.400702238082886	-2.3570157289505005	5.022674083709717	-4.478437781333923	-9.336835622787476	9.292659163475037	-4.770493507385254	-5.017311930656433	-7.349848031997681	-6.030253529548645	-1.3450560569763184	-1.3337663412094116	9.09445309638977	-4.353219628334045	-2.7641239166259766	-4.591009020805359	-6.027003526687622	1.4544981718063354	-7.6122918128967285	-7.122169852256775	4.600601434707642	-8.849409699440002	6.348111152648926	4.28844940662384	-4.7762720584869385	-4.911549687385559	7.020771503448486	.6241251230239868	9.114226579666138	-3.3140751123428345	-.6808586120605469	1.3544617891311646	-8.83691143989563	-8.605936169624329	-.9898114204406738	.6541420221328735	-4.025804281234741	-.8341299295425415	10.058146476745605	2.1216765642166138	-4.541929483413696	-2.574950337409973	-1.531735897064209	4.998154282569885	4.925626039505005	-1.4652382135391235	-3.369443893432617	6.885992169380188	-5.318084001541138	-1.2336312532424927	.16355276107788086	-8.032314658164978	-.880115270614624	-6.231814026832581	-7.741950035095215	-9.275442957878113	.3141171932220459	1.5342320203781128	-3.4791407585144043	-6.844491362571716	.11458897590637207	3.8729785680770874	-4.6814422607421875	3.4957696199417114	-.2595837116241455	-6.623899579048157	-7.3787617683410645	-4.56435239315033	-9.126394033432007	-4.11277449131012	8.346259117126465	-.16072165966033936	-5.747194528579712	-1.5293151140213013	-1.7980055809020996	3.963375687599182	1.7670528888702393	-8.119737267494202	-8.968416213989258	1.1759816408157349	2.0495269298553467	-4.472053647041321	10.65668249130249	-6.824783682823181	5.57129693031311	-3.0473238229751587	-4.7787885665893555	-9.291972041130066
-1.29132030159235	-2.7275452613830566	-4.5377949476242065	1.3776546120643616	-6.33970320224762	-.23113012313842773	.23733913898468018	-1.2886254787445068	-5.6711894273757935	3.449779510498047	10.654056191444397	.1486814022064209	-3.026929497718811	7.797017574310303	1.08552086353302	-4.01556658744812	.6188334226608276	-3.62703800201416	-1.9571584463119507	-5.94848370552063	-6.151503205299377	-5.539306163787842	-4.671857714653015	9.075393915176392	-5.105151295661926	-1.4672527313232422	-2.6216872930526733	-7.607141733169556	.23481786251068115	-1.7801403999328613	-1.8912419080734253	-5.829220533370972	9.683223605155945	-4.220278739929199	2.257149338722229	.12485575675964355	-.013474106788635254	-5.934274196624756	.22717297077178955	-6.26163649559021	-3.083424687385559	-1.0042800903320312	-.5677188634872437	6.980907201766968	7.864363074302673	-1.4792466163635254	-1.8605583906173706	6.527169466018677	-.06622898578643799	-4.906170845031738	-7.187112212181091	-1.524338960647583	-2.464678406715393	-1.36134672164917	-8.042131304740906	4.5674707889556885	-1.520072102546692	4.01838493347168	.46439898014068604	-5.094984292984009	-4.4273563623428345	.004386425018310547	-3.548991084098816	6.170790910720825	-4.293586850166321	-5.255026817321777	-4.391505599021912	1.3461196422576904	-6.544178605079651	8.734163761138916	4.043666958808899	-7.070096731185913	-6.829156041145325	-3.7195701599121094	6.623103737831116	-2.3426287174224854	-1.4294029474258423	2.4754462242126465	-.18310248851776123	-8.281168699264526	-6.162912487983704	-4.337159156799316	-3.957593321800232	-1.5215809345245361	-7.791037201881409	5.406944751739502	-6.491994738578796	-2.3071515560150146	-1.9247390031814575	4.961542129516602	-6.443167090415955	5.230161428451538	-7.43083918094635	-3.7613797187805176	-7.4894551038742065	5.288478136062622	-1.3382683992385864	-.7228803634643555	-8.986937880516052	-8.885253190994263
-7.031475819647312	-1.0675925016403198	-7.723594903945923	-6.33970320224762	.38898831605911255	9.577945828437805	-.3779127597808838	-4.617786526679993	9.337223529815674	7.233235955238342	-.2159411907196045	-3.3430620431900024	-2.8692092895507812	-7.777665019035339	3.054039716720581	-.18209946155548096	-2.97306489944458	-3.3767541646957397	-6.166236639022827	-5.036388039588928	-.7513208389282227	-8.265325427055359	-8.684021234512329	-3.4148389101028442	-8.830564022064209	-2.4552196264266968	-7.171799421310425	-6.715035080909729	-4.093240737915039	-5.300074458122253	-7.323540925979614	-.0044814348220825195	7.416093349456787	-6.026574492454529	3.4890501499176025	-5.301854729652405	-5.9154767990112305	-5.765701174736023	1.0602853298187256	-9.358253598213196	.8245244026184082	4.916017174720764	-4.305758237838745	-2.9384485483169556	1.6677131652832031	-5.0147446393966675	-3.9514877796173096	-4.602131962776184	-2.1414036750793457	5.410641312599182	-3.5220448970794678	-5.985168099403381	-4.551678657531738	2.131506085395813	.8784444332122803	4.419156908988953	1.3884263038635254	-6.473366141319275	-2.9693801403045654	-6.021114945411682	5.124589920043945	-.6169880628585815	-6.556363344192505	-5.857863545417786	-2.3096184730529785	-3.635419249534607	-6.301084280014038	.1558593511581421	-4.698988914489746	-9.019016146659851	-.706106424331665	4.284580111503601	-8.552920818328857	-8.943682074546814	-2.0142276287078857	.5291532278060913	6.4883270263671875	-7.302117228507996	6.6352698802948	9.845511317253113	-1.2526135444641113	2.764931321144104	-4.449630498886108	-2.1365848779678345	3.103529930114746	-3.162580370903015	-1.6699297428131104	-5.8947964906692505	-6.91357946395874	-8.315243124961853	-.791863203048706	1.7045434713363647	-3.5301380157470703	-9.76544463634491	4.8968493938446045	9.625180125236511	10.365548610687256	1.041380524635315	-6.069246053695679	3.379686713218689
-5.910350896418095	2.0325767993927	-5.985749363899231	-.23113012313842773	9.577945828437805	1.0750437378883362	.8530572652816772	-4.2450852394104	-1.0070475339889526	10.739558458328247	5.9590290784835815	.42456722259521484	-7.842234015464783	3.0859878063201904	-4.308435082435608	-.9931750297546387	-.35316359996795654	-.551278829574585	4.608648180961609	5.506448745727539	-.6605638265609741	-7.467285394668579	7.059277892112732	3.320777416229248	11.265228390693665	-1.267622709274292	.5272186994552612	-5.041522026062012	-3.8019832372665405	10.100321531295776	-5.525249123573303	-5.74170446395874	-9.25050437450409	-6.183887243270874	1.6864203214645386	3.1078033447265625	.9629999399185181	10.155019521713257	-6.887211441993713	-6.3378472328186035	-5.592744708061218	-5.043236494064331	9.214182734489441	-.9371767044067383	-7.229872107505798	-1.4057304859161377	-6.1955543756484985	-.3436274528503418	-.04762542247772217	-1.557584524154663	-8.605314373970032	-2.286813735961914	9.66139280796051	1.8467824459075928	1.0370267629623413	-6.353771686553955	1.504970669746399	-6.40759539604187	10.66835868358612	-1.2702093124389648	-7.414963126182556	4.872519254684448	-6.045913338661194	-6.681756496429443	6.591410756111145	-1.2426831722259521	-5.368118405342102	-3.4352149963378906	-2.6044477224349976	3.1626908779144287	-.644569993019104	-.35980844497680664	1.1443120241165161	2.318988084793091	-3.9618159532546997	.4515676498413086	5.853681206703186	3.739758253097534	6.697111487388611	8.861095905303955	-7.497458338737488	.6905043125152588	-8.203554272651672	-5.595212936401367	-6.373584151268005	.15743231773376465	.09143579006195068	-4.488770008087158	-4.588783144950867	-4.683798551559448	-4.02790367603302	-.779658317565918	-6.713001608848572	10.50067400932312	-8.693042397499084	-6.5978827476501465	-2.9782952070236206	.6716654300689697	-5.213184475898743	-2.5246200561523438
-1.919333852827549	-1.0354644060134888	-3.652656078338623	.23733913898468018	-.3779127597808838	.8530572652816772	1.828280746936798	-.3635967969894409	9.055986166000366	-5.17513382434845	7.926626682281494	-6.555226683616638	-2.1384074687957764	2.199905753135681	.7816448211669922	-5.042747378349304	2.4978034496307373	9.218690752983093	-7.2740044593811035	-7.524523138999939	-6.734233617782593	-5.866947770118713	-8.219447135925293	-3.8063400983810425	5.117019414901733	11.384274363517761	-8.399043560028076	-2.0826562643051147	6.247241258621216	3.571844458580017	.3213615417480469	-6.717851519584656	3.1900012493133545	.9222029447555542	-8.101810932159424	-1.5274776220321655	-5.589490652084351	-.7425066232681274	.9538755416870117	2.440491795539856	2.3993661403656006	2.464312434196472	4.1206231117248535	7.624411225318909	-3.733687162399292	-8.537540078163147	-6.115850448608398	-3.8322867155075073	-.16601872444152832	-3.326311230659485	-4.072561740875244	-5.362341284751892	9.231643915176392	.9904550313949585	2.9744882583618164	.2440863847732544	-1.0110361576080322	-2.755332112312317	-.8659358024597168	-6.441836714744568	-6.3702552318573	7.176439642906189	-3.2565536499023438	6.731134533882141	-3.234318971633911	-3.097164273262024	.7121806144714355	-6.786926627159119	4.690107583999634	-.11337530612945557	-8.634171485900879	10.971631169319153	-1.528249979019165	8.405028223991394	-7.210282802581787	-2.7892125844955444	-6.451525449752808	.5184711217880249	5.672689437866211	-6.4104002714157104	10.821038007736206	-7.460668683052063	-8.349146366119385	-6.059046149253845	-4.753162145614624	-2.9993101358413696	-6.848666191101074	3.4903136491775513	7.933662176132202	-4.874919056892395	.7360196113586426	-1.425528883934021	-8.266560316085815	-8.20675814151764	-5.054683685302734	-1.139703631401062	-3.6640102863311768	-4.987136960029602	-4.358105182647705	-1.9365123510360718
-4.0727240815758705	.31853389739990234	7.25729238986969	-1.2886254787445068	-4.617786526679993	-4.2450852394104	-.3635967969894409	.3315797448158264	6.196572661399841	2.972914218902588	-6.438981890678406	7.795366525650024	-9.379840016365051	-3.2064285278320312	-1.2911781072616577	-3.3139193058013916	-7.572913765907288	-7.798666477203369	-.3450573682785034	-7.567850828170776	-.2690011262893677	-7.239468574523926	-2.767245650291443	-4.45971417427063	5.2959359884262085	8.224949359893799	-2.089603304862976	-1.8714673519134521	-4.869923710823059	-3.4934253692626953	-7.365475058555603	-3.854990243911743	-6.42051088809967	-6.855652332305908	-1.8259400129318237	-3.913334608078003	-3.0781155824661255	-.7270879745483398	-8.036061644554138	-2.7819740772247314	-4.539637207984924	-5.90863561630249	3.4488621950149536	-7.710054159164429	-3.882834553718567	-6.167995452880859	7.927049279212952	3.7583577632904053	.5274242162704468	-5.770914554595947	-6.106016993522644	8.50302243232727	-7.367088437080383	-6.512436866760254	-3.1138375997543335	-5.953721284866333	-5.224209427833557	9.75184679031372	-6.175147891044617	1.2717936038970947	9.292364954948425	10.074548721313477	-.14016759395599365	2.6433122158050537	-2.393170952796936	-4.114765644073486	-7.286850810050964	-8.076592206954956	-6.174982190132141	-4.040827751159668	-4.477136015892029	-2.6077682971954346	6.82815682888031	7.886084079742432	-4.813196063041687	-3.433736562728882	-.13338768482208252	-4.9611053466796875	-4.793688178062439	-8.582939386367798	-8.346358895301819	-.9575181007385254	10.029996037483215	-3.9099910259246826	-5.040859341621399	-2.257573127746582	-5.102519392967224	-3.876927614212036	-1.2966009378433228	-2.3262362480163574	3.1831551790237427	-1.8344571590423584	3.5508450269699097	-.9702701568603516	-1.7600749731063843	2.1967904567718506	-2.9962021112442017	-4.8694844245910645	-7.257038950920105	-7.754986524581909
7.00514030456543	1.5812832117080688	-3.2196319103240967	-5.6711894273757935	9.337223529815674	-1.0070475339889526	9.055986166000366	6.196572661399841	.6061542630195618	-7.244090914726257	.13838934898376465	.5785826444625854	-8.648988246917725	-5.231218695640564	9.520278215408325	3.851697325706482	-3.7127132415771484	5.456160664558411	-6.083207368850708	-4.83086884021759	-4.024080753326416	-9.039496779441833	-6.385568380355835	-3.6342769861221313	1.3840723037719727	-8.886281847953796	-7.965540170669556	-1.6123601198196411	-5.776950359344482	-8.594082236289978	-5.42334246635437	-6.48887312412262	-7.957954406738281	-7.545832514762878	-.03692936897277832	2.061257243156433	-8.178104877471924	-2.0287641286849976	-4.91823935508728	-5.369317650794983	-7.93117618560791	-2.7656553983688354	6.330554723739624	-7.201618313789368	5.40819787979126	-5.946081519126892	3.4607956409454346	-4.651587128639221	-3.321725845336914	9.242335438728333	-3.0789082050323486	-7.0113383531570435	-9.476049900054932	3.5826765298843384	1.7010672092437744	4.5695918798446655	-2.509486198425293	-4.7025240659713745	1.6751115322113037	-.19700443744659424	-4.382606029510498	-.9825290441513062	6.446130037307739	-2.5192571878433228	-.4680900573730469	1.2503520250320435	5.689293622970581	-4.80646812915802	-5.9569783210754395	-6.650487303733826	-8.004211187362671	-7.450360894203186	-3.764920234680176	-7.017200350761414	-.7834322452545166	-4.106330990791321	5.061575412750244	-8.89873731136322	-4.693901777267456	-6.474695801734924	-7.56110954284668	-5.592095255851746	-3.3338863849639893	-6.581944584846497	1.8400473594665527	3.3264318704605103	-2.010637044906616	-7.561988472938538	10.388459205627441	-5.529996752738953	-.3966391086578369	6.062589526176453	-5.548320293426514	-4.390018820762634	9.314137697219849	-9.400715470314026	-5.2648468017578125	5.144681096076965	1.7499892711639404	-6.095580220222473
8.07486641407013	1.1942145824432373	-3.7623592615127563	3.449779510498047	7.233235955238342	10.739558458328247	-5.17513382434845	2.972914218902588	-7.244090914726257	1.6866608262062073	-4.186216950416565	-.3296189308166504	.8846665620803833	.9860527515411377	9.85189139842987	-5.016251564025879	-5.4286006689071655	-4.086608171463013	-5.914710640907288	.04553651809692383	.3005286455154419	-4.903829336166382	9.26922595500946	-1.5906658172607422	-7.992032408714294	-7.41495156288147	-5.706284165382385	7.740058422088623	-.6262301206588745	-6.911112546920776	-4.972710728645325	-7.9672956466674805	2.9158798456192017	11.443503141403198	-4.339257836341858	-1.6689047813415527	-2.416117548942566	10.580414056777954	-6.449113965034485	8.946632385253906	-5.147246718406677	-6.004408121109009	10.564298033714294	-7.8229546546936035	-4.683391451835632	-5.28178858757019	-3.07892906665802	-1.474858283996582	-3.217544913291931	-2.220599412918091	8.538563132286072	-4.582442760467529	-8.136059641838074	-6.81900954246521	10.87514865398407	-6.576494216918945	4.07510244846344	3.364265203475952	-6.726032853126526	-1.02647066116333	9.42412006855011	-7.8212878704071045	-4.193326115608215	-7.421751976013184	-4.492937445640564	.3507716655731201	-6.3828102350234985	-1.4528899192810059	-4.8983601331710815	-1.547412633895874	9.765451312065125	-1.7928581237792969	8.260952591896057	-1.629244089126587	-6.428839325904846	-5.378302097320557	-8.092758059501648	.27507710456848145	3.4575356245040894	-2.190789222717285	.9256397485733032	-4.912696123123169	-8.704940438270569	-7.538058757781982	-3.2420815229415894	-7.550107717514038	2.245231509208679	-2.8352718353271484	9.496241211891174	-6.805248498916626	2.1043161153793335	-5.886261463165283	-6.523088335990906	-5.688006162643433	-.852906346321106	-8.664782524108887	-7.62587583065033	8.418684720993042	-6.529389977455139	3.404238224029541
5.473902463912964	-5.2460514307022095	-3.2676773071289062	10.654056191444397	-.2159411907196045	5.9590290784835815	7.926626682281494	-6.438981890678406	.13838934898376465	-4.186216950416565	1.2369826436042786	-2.5806416273117065	10.796100378036499	-1.0115596055984497	-3.586474895477295	-3.6665815114974976	-7.409027814865112	-.1727367639541626	2.0717124938964844	-6.105174899101257	-8.754864931106567	-6.062360882759094	-1.07297945022583	-7.983457922935486	4.678877115249634	-.02039778232574463	-3.8961610794067383	9.222861409187317	-.9433729648590088	9.771389842033386	2.2050728797912598	-7.131846785545349	-6.119295835494995	-2.2418075799942017	-3.344106674194336	5.855615735054016	5.585068464279175	-1.0190964937210083	-5.452513217926025	-1.1439746618270874	-.370929479598999	-8.455130219459534	-2.0191946029663086	11.02648651599884	3.0912015438079834	-4.411358952522278	-.08968305587768555	-3.7708181142807007	2.762843370437622	-4.247279763221741	1.4877548217773438	-2.2498778104782104	-7.257981538772583	-5.851686596870422	-4.094131946563721	-5.482103705406189	.5271399021148682	-2.1739202737808228	-7.257828712463379	-6.177578806877136	-1.3892385959625244	-2.255118489265442	-5.197305202484131	-.46630799770355225	-6.426672697067261	-5.75946581363678	-7.534265518188477	-8.179468035697937	-.3230774402618408	9.994556307792664	-3.474398136138916	.3693424463272095	10.959022760391235	1.5029195547103882	-3.463625907897949	-.8971470594406128	.8262441158294678	-3.955201268196106	-6.344356060028076	-8.601128935813904	-6.8519065380096436	-5.848678231239319	-5.011730194091797	-2.1909674406051636	.8507182598114014	-2.4256802797317505	3.4301257133483887	-4.722448706626892	-1.9893434047698975	1.7550767660140991	-4.9881486892700195	-3.1400307416915894	-4.55141282081604	-9.20691978931427	10.742601871490479	-6.058093428611755	-4.176920652389526	-3.085229516029358	-4.046201705932617	-3.04218852519989
9.467638850212097	1.4980435371398926	-1.9426077604293823	.1486814022064209	-3.3430620431900024	.42456722259521484	-6.555226683616638	7.795366525650024	.5785826444625854	-.3296189308166504	-2.5806416273117065	.14281994104385376	-8.240913987159729	-2.5752768516540527	-7.897842288017273	-.5461556911468506	-4.79259979724884	-2.0019569396972656	-6.416290640830994	-3.3772051334381104	-2.8639007806777954	-6.379740238189697	-8.054024577140808	-2.308100461959839	-1.4095288515090942	-8.923592567443848	-.5616544485092163	-.6895496845245361	-1.1400552988052368	.3097233772277832	-2.2112749814987183	6.957817316055298	-9.428160786628723	3.8903980255126953	-.45271527767181396	1.662198781967163	3.2851146459579468	-5.015675067901611	-7.069788813591003	-7.78062891960144	-4.415878415107727	9.821850776672363	-6.836543440818787	-4.088561296463013	-2.3276487588882446	-3.333474636077881	6.326488614082336	-5.274415731430054	-.533814549446106	-1.7161483764648438	6.696040749549866	.07281851768493652	-1.811353325843811	-5.089964389801025	10.589861989021301	9.006730318069458	-5.53685200214386	-8.279263496398926	.7104669809341431	6.942236661911011	-6.092756867408752	-2.200183391571045	-7.011114001274109	5.874332666397095	-3.7736235857009888	1.6080913543701172	-9.071585059165955	-5.90315842628479	8.807632803916931	-6.0479207038879395	-1.551634669303894	-.5788352489471436	-1.1865121126174927	9.452752113342285	-1.7721856832504272	-6.104968309402466	2.7755578756332397	3.514284610748291	-5.450645327568054	9.021250009536743	-2.3116503953933716	4.792804718017578	-2.357155203819275	-6.523544549942017	-.39698946475982666	-6.8348565101623535	-6.470841288566589	2.329861879348755	-4.2789212465286255	-7.802414894104004	1.3639360666275024	6.762011289596558	-.011767029762268066	-5.885383129119873	-4.7186678647994995	-3.7164762020111084	-1.8119574785232544	-.7323207855224609	-6.262232184410095	-.5461523532867432
-7.1176438331604	-2.5367707014083862	7.400702238082886	-3.026929497718811	-2.8692092895507812	-7.842234015464783	-2.1384074687957764	-9.379840016365051	-8.648988246917725	.8846665620803833	10.796100378036499	-8.240913987159729	.6055009961128235	7.085048794746399	-6.004221200942993	-8.490314602851868	-.9822840690612793	-.5272849798202515	-.06733202934265137	6.541566252708435	-3.930522918701172	-9.02089774608612	-7.847872972488403	-8.073762059211731	-.8809208869934082	5.0298696756362915	3.919170618057251	-5.296382546424866	2.2215757369995117	-4.291120409965515	-4.5226709842681885	-1.7563000917434692	.2699112892150879	-2.7730525732040405	-4.607601881027222	-1.0346914529800415	-7.41132926940918	-8.109408259391785	5.396189451217651	8.554844737052917	5.027829647064209	-7.429215788841248	-8.26971983909607	4.685037970542908	-7.443495750427246	-8.32830035686493	-1.0102369785308838	-2.766304135322571	-2.643298625946045	-6.40053403377533	-2.533003568649292	-6.997545838356018	-3.5829315185546875	-2.2690857648849487	-3.004645586013794	-8.064473271369934	-2.373356342315674	-4.117671370506287	1.2929766178131104	-.16154444217681885	1.368605613708496	1.2781964540481567	-5.193481683731079	-3.4031392335891724	-.38597631454467773	4.019958138465881	-2.9450995922088623	-4.104809403419495	9.515607833862305	-5.945242762565613	5.473059415817261	-1.5645285844802856	5.501458644866943	-7.355809569358826	-6.24430251121521	-3.3439422845840454	-1.1311826705932617	-.6669424772262573	-5.298967599868774	-.049617886543273926	-1.1221842765808105	-5.581888556480408	-5.445452451705933	2.385705351829529	-8.654773712158203	-3.083191752433777	-7.147258043289185	-8.078133702278137	.7382121086120605	7.036057114601135	-.23311972618103027	.13003194332122803	-4.2319231033325195	-8.859029650688171	-2.0532572269439697	-5.5885525941848755	4.484014987945557	1.2236133813858032	-8.135624647140503	-1.2838140726089478
10.262604355812073	.11153626441955566	-2.3570157289505005	7.797017574310303	-7.777665019035339	3.0859878063201904	2.199905753135681	-3.2064285278320312	-5.231218695640564	.9860527515411377	-1.0115596055984497	-2.5752768516540527	7.085048794746399	1.0778341889381409	3.5520280599594116	-7.815252780914307	10.111822247505188	-1.332554578781128	-7.587956547737122	-5.730607032775879	10.97294008731842	-4.211390733718872	-7.3525978326797485	4.33866548538208	-3.559702754020691	5.976614236831665	-1.6956311464309692	8.96373176574707	-1.149802565574646	.3465726375579834	-4.592276215553284	6.045836925506592	6.376834988594055	-4.859450101852417	-6.695487141609192	-8.464945793151855	6.626044869422913	-.30368542671203613	-.49220240116119385	-8.350965023040771	-1.2709473371505737	8.916088342666626	1.0404051542282104	-6.408241271972656	5.936224579811096	-7.764703989028931	-1.721321702003479	1.7722830772399902	-6.289182543754578	-3.908684492111206	-7.703774571418762	-7.476506233215332	-2.677271246910095	-3.1077721118927	8.70767056941986	.32085466384887695	-2.0577534437179565	-1.514432668685913	-7.98759663105011	.5011577606201172	4.233799576759338	-8.872928857803345	-7.561670899391174	-2.5187268257141113	-8.55029284954071	-3.050570249557495	10.285618662834167	-5.523100852966309	-4.976070761680603	-7.068963289260864	-1.2295414209365845	6.721312046051025	-7.334183573722839	-7.635261297225952	2.36880099773407	-3.8158836364746094	-6.046140074729919	-8.173414468765259	9.66011369228363	6.789994716644287	1.4294415712356567	-6.355419874191284	7.671130061149597	-7.862542152404785	-.8094161748886108	3.8674285411834717	1.7195991277694702	4.717594623565674	-5.014300227165222	-5.266710042953491	-7.2419644594192505	-4.367177963256836	-4.192656874656677	-.36147332191467285	-.7825304269790649	-3.1843647956848145	-7.014041781425476	2.6064541339874268	-3.648802876472473	-8.252642631530762
-7.979596853256226	-.8017541170120239	5.022674083709717	1.08552086353302	3.054039716720581	-4.308435082435608	.7816448211669922	-1.2911781072616577	9.520278215408325	9.85189139842987	-3.586474895477295	-7.897842288017273	-6.004221200942993	3.5520280599594116	1.3398526310920715	-9.220057368278503	-4.240923166275024	-1.589631199836731	10.26079797744751	-5.898915648460388	.9163830280303955	4.718468070030212	-5.58729362487793	.3507004976272583	-7.755130052566528	-7.564306378364563	3.012101650238037	8.521833062171936	-2.372283697128296	-3.650967240333557	8.88063907623291	1.437602162361145	-6.714008569717407	-1.12757408618927	.6622395515441895	-7.530043959617615	-2.6275947093963623	8.015516638755798	7.666839599609375	-2.2415789365768433	-7.934941530227661	-.14759838581085205	1.2141413688659668	-3.0711482763290405	6.161192178726196	7.490380644798279	-1.5226373672485352	-.6878193616867065	-6.82906174659729	-6.461293339729309	9.82698678970337	-1.3368314504623413	-1.0889308452606201	3.0773357152938843	-7.32548713684082	-.6208456754684448	-2.401252031326294	1.1256769895553589	5.8162055015563965	9.218804955482483	-6.5547215938568115	1.6113427877426147	-3.7231550216674805	-2.479134440422058	-.25014519691467285	2.838898539543152	-6.346522808074951	4.922909379005432	-7.506687879562378	10.45861279964447	-7.040836334228516	-3.4199122190475464	-7.568124055862427	-1.0647927522659302	-7.033268451690674	-3.1161197423934937	4.690912485122681	-1.4833933115005493	-.9474763870239258	-5.31915557384491	-.14132142066955566	-2.297310948371887	-2.4598517417907715	-9.008633971214294	-7.419928312301636	-8.785964608192444	5.544229507446289	-1.771591067314148	-6.34962010383606	2.4606798887252808	-1.6858429908752441	-.08373486995697021	-4.390968084335327	-1.4891401529312134	1.077836036682129	2.9093047380447388	-2.1666529178619385	-.44023430347442627	-1.6145625114440918	-1.889274001121521
-2.0697323083877563	8.235666275024414	-4.478437781333923	-4.01556658744812	-.18209946155548096	-.9931750297546387	-5.042747378349304	-3.3139193058013916	3.851697325706482	-5.016251564025879	-3.6665815114974976	-.5461556911468506	-8.490314602851868	-7.815252780914307	-9.220057368278503	.1724591851234436	-5.290957093238831	-4.33041524887085	5.353799939155579	-5.210286855697632	-5.042403340339661	-8.690345764160156	7.824494957923889	-1.7527239322662354	-8.808215737342834	-6.904821872711182	-2.474120020866394	-7.418566465377808	-.26771557331085205	-3.249356269836426	-9.282889723777771	-3.4471943378448486	-4.762333512306213	-4.372508525848389	9.479606747627258	-.5291593074798584	4.2981404066085815	-1.3271350860595703	-3.439194083213806	-6.587435007095337	-2.4706932306289673	-7.101639270782471	-3.2820900678634644	-6.058666944503784	-7.83409321308136	2.34877872467041	10.561636567115784	-3.6744225025177	.1555722951889038	10.570871829986572	-8.100030779838562	.25755906105041504	-4.247424244880676	-6.417903900146484	-8.418093085289001	-3.9278833866119385	-8.3884197473526	-2.6606392860412598	1.8412142992019653	-2.5345828533172607	.3813894987106323	-3.292222023010254	3.1401716470718384	-.28629422187805176	3.798697829246521	-9.070586681365967	-1.4866751432418823	-.6079442501068115	-3.718159794807434	6.592035293579102	-3.5887645483016968	-2.40688157081604	-2.975457787513733	9.097865581512451	-.955769419670105	-5.354126691818237	-.4103299379348755	-.36767101287841797	-4.773846983909607	-4.665621995925903	-6.997019410133362	7.632803440093994	-5.281888842582703	-3.383481740951538	10.346871256828308	-1.2426300048828125	8.072229027748108	6.842757940292358	.8541301488876343	7.353562831878662	-6.024603724479675	-4.525110960006714	-4.498314023017883	-8.572880744934082	-8.906981825828552	-4.695218324661255	-7.895641922950745	2.110729694366455	-2.587234377861023	-6.826865911483765
-4.338046073913574	-7.755372405052185	-9.336835622787476	.6188334226608276	-2.97306489944458	-.35316359996795654	2.4978034496307373	-7.572913765907288	-3.7127132415771484	-5.4286006689071655	-7.409027814865112	-4.79259979724884	-.9822840690612793	10.111822247505188	-4.240923166275024	-5.290957093238831	.7627609372138977	-5.652774691581726	1.0664479732513428	-7.402969479560852	-4.61566686630249	-2.32036817073822	-7.264782667160034	3.560162901878357	.9130306243896484	-6.477761149406433	4.034579038619995	-2.571301579475403	.24950551986694336	-1.6973413228988647	-6.198186635971069	2.4163821935653687	-.6195478439331055	3.575456738471985	4.1964662075042725	-5.214212536811829	-6.275794506072998	3.9909015893936157	5.5440990924835205	-8.932934403419495	.22449111938476562	-.23628509044647217	-2.319960832595825	-1.2233039140701294	-.05582475662231445	5.641821503639221	-6.206870794296265	-7.363763451576233	-3.8409852981567383	3.375099301338196	-2.230522394180298	-.7089272737503052	1.9514069557189941	-5.315870642662048	-1.9637916088104248	-6.470831513404846	6.304140090942383	-1.2710541486740112	-8.094788789749146	-9.000184178352356	5.694142818450928	-8.922213912010193	-7.58310866355896	-3.5676151514053345	3.186234474182129	9.175840497016907	-7.316080331802368	-6.644926190376282	2.0268750190734863	5.314002633094788	-1.2650172710418701	-2.6863409280776978	-2.2620849609375	8.09761917591095	7.858532667160034	10.590245127677917	-2.28965425491333	-.5847600698471069	-8.553462743759155	7.422014594078064	-7.701951026916504	6.907367825508118	-.6617701053619385	-8.280021786689758	-6.5884528160095215	-8.064791083335876	-.33614039421081543	-3.7122751474380493	6.611753463745117	-7.950577616691589	6.188441038131714	-7.459828495979309	6.703721523284912	-4.041129469871521	.15550446510314941	-7.277686715126038	2.8303956985473633	-7.000631213188171	-.3691542148590088	10.627973437309265
-4.080228686332703	3.3625447750091553	9.292659163475037	-3.62703800201416	-3.3767541646957397	-.551278829574585	9.218690752983093	-7.798666477203369	5.456160664558411	-4.086608171463013	-.1727367639541626	-2.0019569396972656	-.5272849798202515	-1.332554578781128	-1.589631199836731	-4.33041524887085	-5.652774691581726	.728788435459137	-3.023638367652893	10.45316457748413	-8.238300204277039	-3.30036997795105	-7.664836049079895	-4.018425941467285	-1.341347098350525	2.0318305492401123	2.3294414281845093	7.97495698928833	9.290141224861145	7.908289194107056	-3.10977566242218	1.9908084869384766	-6.763390898704529	5.72732138633728	4.270808577537537	6.635451793670654	-5.489858508110046	-5.017054319381714	-4.10949432849884	-4.217211723327637	-6.351786017417908	5.733633756637573	-2.321607232093811	-.7069525718688965	.3074427843093872	-2.4289395809173584	3.9170626401901245	-.768463134765625	-8.642665266990662	-7.911146402359009	4.586373686790466	-5.412607669830322	8.474037289619446	-4.148655652999878	9.207199931144714	-2.5076723098754883	4.2340885400772095	7.862316846847534	-8.814818978309631	-4.060615062713623	-6.291832804679871	-1.4662415981292725	-5.345527768135071	-7.998315811157227	-6.445157408714294	-4.845390558242798	-1.178505539894104	1.5511736869812012	-4.385675311088562	-5.140486478805542	-9.191315770149231	-2.52262020111084	-.9977859258651733	6.097567319869995	3.9982436895370483	4.40615701675415	-.2967480421066284	-4.3989293575286865	.8758906126022339	-6.081562042236328	-8.334929823875427	-9.145723581314087	-2.6253916025161743	-7.731016635894775	-4.60805881023407	-1.937859296798706	-7.281603932380676	-.3948678970336914	.03852808475494385	-5.380927324295044	6.766018271446228	-.31444883346557617	-.9963654279708862	-5.922315359115601	-8.145244717597961	-7.90101432800293	-4.97604501247406	-4.382457971572876	2.1441529989242554	2.983008861541748
-.9204237461090088	9.199160933494568	-4.770493507385254	-1.9571584463119507	-6.166236639022827	4.608648180961609	-7.2740044593811035	-.3450573682785034	-6.083207368850708	-5.914710640907288	2.0717124938964844	-6.416290640830994	-.06733202934265137	-7.587956547737122	10.26079797744751	5.353799939155579	1.0664479732513428	-3.023638367652893	.295826256275177	-1.2924641370773315	-8.615997552871704	-4.3271952867507935	.0667119026184082	6.63363516330719	8.774958848953247	.5865329504013062	6.32281494140625	-8.299022555351257	-9.599061250686646	8.400476336479187	-7.861900806427002	-4.048567175865173	-7.048238515853882	-6.752674698829651	-.8747644424438477	-3.024300456047058	.048887014389038086	-.14452660083770752	4.562910556793213	10.132053971290588	-5.660834074020386	6.017767310142517	-7.26042366027832	-.7348994016647339	.08858942985534668	-8.439743161201477	-1.2027993202209473	-7.075477957725525	-8.723960638046265	.8109449148178101	6.075016975402832	-.9161709547042847	-.8129618167877197	-4.431462407112122	-.04672574996948242	-8.640889525413513	-1.4925010204315186	-7.428805947303772	-7.803012847900391	1.7277833223342896	-1.0825245380401611	-7.534723401069641	-2.2003140449523926	-1.2526572942733765	-5.8150880336761475	-4.725899338722229	9.327166557312012	-2.7258881330490112	-4.2406065464019775	3.3666847944259644	-.23875951766967773	-8.318007826805115	-5.134104490280151	-7.073499321937561	-9.156515121459961	.581213116645813	-7.901465654373169	-9.079776883125305	5.918992519378662	-7.962917685508728	-1.4856832027435303	7.566480040550232	4.280121803283691	-8.711264491081238	-5.773109674453735	-5.69539749622345	1.010246753692627	-.03211343288421631	.5002930164337158	6.26337468624115	-5.672492980957031	-4.182422518730164	-4.657296419143677	-2.7702161073684692	-2.571442127227783	-5.08907163143158	-1.399808645248413	-.8822294473648071	7.832320213317871	-7.630112528800964
2.5133875608444214	3.129912853240967	-5.017311930656433	-5.94848370552063	-5.036388039588928	5.506448745727539	-7.524523138999939	-7.567850828170776	-4.83086884021759	.04553651809692383	-6.105174899101257	-3.3772051334381104	6.541566252708435	-5.730607032775879	-5.898915648460388	-5.210286855697632	-7.402969479560852	10.45316457748413	-1.2924641370773315	.754237711429596	-8.845280289649963	-.25014257431030273	.024807095527648926	7.934198617935181	.2973850965499878	2.909435272216797	-1.2447246313095093	8.063796758651733	-6.442113518714905	3.5395407676696777	-1.1972626447677612	8.821820497512817	-8.623956799507141	-.47713565826416016	-4.470136046409607	1.5489680767059326	-8.876684784889221	9.337799549102783	-.03465831279754639	-4.646484136581421	-.803446888923645	-5.472806930541992	10.14762270450592	-2.169931650161743	-6.388251900672913	8.667094707489014	4.9686747789382935	-8.721691846847534	-7.902217984199524	-.16449260711669922	1.5177313089370728	7.421746015548706	-.309822678565979	-6.418862819671631	-1.0749586820602417	-6.3735291957855225	4.824847102165222	10.392143249511719	-7.29438054561615	-4.38010048866272	-9.06815493106842	-5.33511209487915	-8.397004008293152	-4.290472745895386	5.529115557670593	10.172686576843262	-8.067033171653748	-7.4983227252960205	-6.183756470680237	3.034557819366455	.427343487739563	-5.879749059677124	.7682045698165894	-6.81602668762207	-7.42229688167572	-7.074522256851196	.7291148900985718	-8.662392139434814	5.479138493537903	-9.267334699630737	8.50598132610321	-8.535910606384277	-7.825991988182068	-3.469050645828247	-2.0375486612319946	-1.247251033782959	-8.504314303398132	-4.297956228256226	-5.8874369859695435	-7.917629241943359	-4.5876888036727905	-.26100945472717285	-1.285504937171936	8.989942073822021	10.870539784431458	-1.5350902080535889	-4.635683178901672	5.139403343200684	9.139292359352112	.7517497539520264
-9.276793956756592	8.648500561714172	-7.349848031997681	-6.151503205299377	-.7513208389282227	-.6605638265609741	-6.734233617782593	-.2690011262893677	-4.024080753326416	.3005286455154419	-8.754864931106567	-2.8639007806777954	-3.930522918701172	10.97294008731842	.9163830280303955	-5.042403340339661	-4.61566686630249	-8.238300204277039	-8.615997552871704	-8.845280289649963	1.1919477581977844	-1.3192557096481323	-7.7647154331207275	8.524822115898132	.22930574417114258	-.7319282293319702	6.967110872268677	-2.0586992502212524	-3.9524383544921875	10.048094868659973	9.976380109786987	-5.346314549446106	9.516734600067139	-6.330870985984802	10.766388177871704	-1.4817005395889282	-4.101090431213379	.8751927614212036	2.006446599960327	-5.340955853462219	-3.0184378623962402	-7.025242209434509	.8756325244903564	4.186149001121521	-6.328691482543945	-9.190501093864441	-7.093461275100708	.4149216413497925	4.087655544281006	-2.7769559621810913	-.6709764003753662	-6.415502190589905	-8.843249320983887	10.02972424030304	.9139611721038818	-2.923408627510071	8.705132007598877	-.5166763067245483	-7.683008909225464	.13424432277679443	3.053478240966797	-2.754170298576355	-1.0777313709259033	6.080576777458191	-7.889641284942627	-8.14381730556488	11.186214685440063	-7.962463021278381	-1.0340166091918945	-8.300973773002625	7.4812657833099365	-7.855348706245422	-6.014047145843506	-3.5265430212020874	-7.560375928878784	-7.722225785255432	-5.594991683959961	-5.838225245475769	9.797007322311401	-4.732161641120911	-4.57921838760376	-6.501767516136169	-3.263601064682007	8.619604468345642	-1.2124547958374023	-8.062213778495789	-6.268202066421509	-6.269588589668274	4.909962177276611	-1.8751548528671265	1.8919689655303955	-4.391073822975159	-1.5631637573242188	-3.137978434562683	-5.195807695388794	5.093893885612488	-6.645138263702393	-1.4211190938949585	-2.121986150741577	-.4271122217178345
