1.4011989831924438	-3.7922602966427803	11.405436925590038	-6.915217883884907	-7.1238508224487305	.604407548904419	1.877333164215088	6.9647204875946045	5.632167816162109	-2.1730706691741943	-4.793215274810791	-1.8425657749176025	4.369708061218262	-8.448214292526245	-2.7538485527038574	5.068669080734253	-.6995601654052734	-3.7954862117767334	-5.478443622589111	.3837277889251709	-6.313185691833496	.3395569324493408	5.578653812408447	7.760569334030151	-3.9704360961914062	-3.4222352504730225	1.6701292991638184	9.267308950424194	-.7447977066040039	10.543893098831177	-7.556800365447998	-3.1802818775177	9.903524398803711	-3.1958959102630615	9.627112865447998	-8.381275415420532	.3151063919067383	-2.1965339183807373	-2.2793517112731934	-6.412087678909302	-3.181194305419922	-4.196546316146851	9.679616451263428	-6.188978433609009	8.91926097869873	3.8194477558135986	-1.3956408500671387	-.03055119514465332	-7.515607833862305	-6.44176459312439	-5.572750568389893	-8.220253229141235	-5.067099571228027	-5.644490003585815	-8.399808406829834	7.431124448776245	1.4217681884765625	-1.8866288661956787	-1.217878818511963	3.022947072982788	-1.9662408828735352	-7.7621753215789795	6.526504993438721	-2.9977638721466064	-2.0350818634033203	-2.4237172603607178	-8.031158924102783	-6.3988306522369385	-2.287928581237793	-7.6449363231658936	-1.4858412742614746	-.725419282913208	-1.7396736145019531	-6.883107900619507	-.4754815101623535	-.862539529800415	5.270571708679199	-2.3416011333465576	-2.99348783493042	-3.5975449085235596	8.266977310180664	-8.032378911972046	-6.701237201690674	6.817367315292358	.8244943618774414	2.1615021228790283	-1.2405753135681152	11.102656126022339	-8.243644714355469	-6.576608419418335	5.453683376312256	-7.611063241958618	3.3015737533569336	-.05945467948913574	1.8412556648254395	-7.345519304275513	-5.687555313110352	5.841625452041626	-1.5361104011535645	-7.837284326553345
-3.7922602966427803	.2957402467727661	3.913527250289917	-5.285397529602051	-6.634776830673218	2.524374485015869	-.5036184787750244	-1.3327503204345703	-4.479649305343628	-6.740225315093994	2.7766997814178467	-9.395712852478027	-9.067609548568726	-5.742724895477295	-4.36392617225647	-8.136638641357422	-.49948763847351074	-7.870087146759033	9.288126707077026	-7.682724952697754	-5.825332403182983	7.619631290435791	-3.033987283706665	-7.188512802124023	-6.8569114208221436	-4.465219974517822	-5.390082597732544	-7.3983869552612305	-.9802110195159912	3.687614917755127	-3.4454424381256104	.790924072265625	-1.9679362773895264	8.831798076629639	-.7833187580108643	-4.232151985168457	2.207988977432251	-4.400102138519287	-8.217432260513306	4.643468856811523	-2.436077833175659	-1.5591111183166504	-8.104472398757935	-4.310973167419434	-6.707998037338257	-7.442348003387451	-2.656597375869751	-6.226581573486328	4.947648286819458	-8.15552568435669	-7.253934144973755	5.80069637298584	-.36293768882751465	7.824549198150635	-2.7570784091949463	-2.8524303436279297	2.204726457595825	4.5874762535095215	-5.819594621658325	-8.899096488952637	-1.5790956020355225	-8.27323865890503	-1.2005159854888916	-6.704780578613281	-8.830858945846558	-7.722683429718018	-7.0768444538116455	-4.849804878234863	6.63376259803772	6.652960300445557	-5.356050729751587	.3081645965576172	-4.51262354850769	-6.416082859039307	-7.988574266433716	-8.92838191986084	-6.921628713607788	-6.945682048797607	-8.280323266983032	-2.1592979431152344	-1.3815829753875732	3.2396998405456543	.7948253154754639	-6.449280738830566	-4.630035161972046	-7.5554938316345215	4.2825257778167725	-3.890371322631836	-8.166252851486206	-1.9604134559631348	-1.0645363330841064	5.835545539855957	-.06372237205505371	-3.6003031730651855	-2.099144220352173	-8.105758666992188	-1.7826488018035889	3.840999126434326	6.407950162887573	1.7366437911987305
11.405436925590038	3.913527250289917	1.462217926979065	6.382307291030884	-2.2385334968566895	-2.216993570327759	4.881623268127441	-.016150236129760742	-.8825087547302246	4.878727674484253	-2.5077667236328125	.10982155799865723	-5.581095218658447	9.135963201522827	-5.645249366760254	1.0666191577911377	-2.2163729667663574	-7.363499879837036	-6.598451614379883	.6957952976226807	1.380359172821045	-3.408968210220337	-.4154691696166992	-7.188441038131714	7.61608362197876	11.276657819747925	5.562633514404297	-5.361724615097046	-1.676435947418213	-5.025615930557251	-2.6106767654418945	-1.7520339488983154	-6.051154613494873	9.906622648239136	-1.7999019622802734	-.002191305160522461	5.738753795623779	1.174691915512085	-1.1000127792358398	9.967637300491333	3.928396701812744	-1.3036835193634033	3.8510513305664062	-5.602557897567749	6.9286627769470215	-1.856872797012329	-7.440117835998535	-8.875130414962769	-5.486278057098389	-1.1218388080596924	-3.634897232055664	-4.977277517318726	-6.991474628448486	-7.106638193130493	-3.8751325607299805	-5.56354022026062	1.4763054847717285	-.25292134284973145	-8.095638275146484	.6216967105865479	-5.093924045562744	-.4984323978424072	.6633024215698242	-7.818295240402222	.4001317024230957	10.66049075126648	.9434375762939453	-1.4950883388519287	3.361548900604248	4.106416463851929	-7.443953514099121	-3.7975986003875732	8.681684970855713	-5.96168065071106	.269439697265625	-4.454585790634155	.9276785850524902	.9090802669525146	2.4964590072631836	9.902846574783325	-6.47005033493042	-1.6370136737823486	-7.018022537231445	.17875123023986816	8.969699382781982	-4.826769113540649	-1.5096006393432617	-2.7501628398895264	-.033589839935302734	-5.820586442947388	-7.506839752197266	9.402969598770142	-2.3346543312072754	2.2250401973724365	9.856226921081543	-1.227329969406128	4.8250508308410645	-8.904977083206177	-7.472402572631836	.778616189956665
-6.915217883884907	-5.285397529602051	6.382307291030884	.9768420457839966	.030222654342651367	7.289311408996582	-5.688976049423218	7.10001802444458	-6.362776041030884	10.346946716308594	8.156985521316528	-7.202721118927002	-4.5916359424591064	-3.965153694152832	2.973604440689087	-2.7058844566345215	-5.538437128067017	1.4347972869873047	-8.306746244430542	3.4320807456970215	-2.0344784259796143	-7.242506980895996	-5.732162237167358	.025383472442626953	-6.672777414321899	-4.719966888427734	-1.6437079906463623	-.7016110420227051	7.379429578781128	-7.71657657623291	5.012083292007446	-1.6768813133239746	-4.431812524795532	.9900760650634766	-7.629290342330933	8.456750392913818	-5.85967755317688	-8.498690605163574	-3.662799596786499	-5.220881938934326	-1.669058084487915	-1.2651519775390625	-3.726383924484253	-1.4697880744934082	-8.449065446853638	-6.637677192687988	-3.3134515285491943	-7.452321529388428	-1.4255297183990479	9.746770858764648	3.9146206378936768	6.704320430755615	.7265002727508545	-5.119864463806152	3.8159868717193604	-5.654403209686279	-7.929743051528931	-6.679233551025391	1.4558327198028564	-8.272877216339111	-7.405246019363403	.1309194564819336	-1.206125020980835	-7.547830104827881	-5.5977137088775635	-1.1857433319091797	-.6281383037567139	10.909165859222412	7.895930051803589	5.2533464431762695	8.00107216835022	-1.2908053398132324	-7.032957315444946	-1.3528366088867188	-5.550183057785034	11.123496532440186	-.817237138748169	4.4485883712768555	-7.869062185287476	-3.479032039642334	-5.026489496231079	-8.698091506958008	-.2106921672821045	10.805661678314209	-2.1795132160186768	-7.019682884216309	9.189331293106079	-.14571332931518555	-4.556825876235962	-2.676586151123047	-1.1975562572479248	-3.0462918281555176	-6.013163805007935	6.174704551696777	-1.5053880214691162	-.7615523338317871	1.2100179195404053	6.319101333618164	5.213834047317505	7.128182888031006
-7.1238508224487305	-6.634776830673218	-2.2385334968566895	.030222654342651367	1.9499107599258423	.8857920169830322	-.42955446243286133	-1.4893991947174072	-1.5759954452514648	-1.625878095626831	10.73650598526001	-5.846307039260864	.5499114990234375	-1.2191979885101318	7.887872219085693	-.7249281406402588	-.26184940338134766	-6.28113055229187	7.2381672859191895	-1.2524597644805908	-6.06132698059082	-1.069732427597046	-2.979454517364502	-1.5834429264068604	-3.6602888107299805	-5.776654005050659	-1.8248076438903809	2.5377376079559326	-5.444721221923828	2.41036057472229	.036824703216552734	-4.785646677017212	-.18732929229736328	-4.755026578903198	-5.977809429168701	-.16516804695129395	-.8600368499755859	-7.640247106552124	-5.682430744171143	-1.4897425174713135	-6.446486473083496	-6.796326398849487	3.5662713050842285	-5.4881298542022705	-2.7545394897460938	7.979616403579712	-5.443861484527588	-2.291433572769165	.7712240219116211	-4.418131589889526	-3.092956066131592	10.004399061203003	-3.7629947662353516	-7.466377019882202	4.758391857147217	-8.223922967910767	3.4872865676879883	-2.0755202770233154	-3.543382167816162	1.3104655742645264	-6.707668304443359	-3.652055501937866	-7.7573113441467285	9.242086172103882	-6.4643144607543945	-4.1610705852508545	-1.0603976249694824	1.9906165599822998	-4.598325729370117	1.8112528324127197	-.36011171340942383	8.19839072227478	-5.437094688415527	-2.0048606395721436	-2.6068930625915527	-4.832101106643677	1.367767333984375	-.6252801418304443	-6.106649875640869	8.299287557601929	10.02793025970459	-.8744685649871826	1.166740894317627	5.527859449386597	-1.1941547393798828	10.552017450332642	-.7410664558410645	-.23842644691467285	1.202244758605957	-3.9749724864959717	-.07738637924194336	-3.68145489692688	-5.856357574462891	-3.0806825160980225	1.3049979209899902	-.6354544162750244	1.1698331832885742	-5.448950529098511	-6.364665508270264	-8.649497270584106
.604407548904419	2.524374485015869	-2.216993570327759	7.289311408996582	.8857920169830322	.8682175874710083	-4.607571840286255	-.7445497512817383	-5.889358282089233	-4.079118251800537	1.7345750331878662	-8.296953201293945	-7.342247724533081	-4.177504062652588	1.6303870677947998	-9.03708553314209	-5.258195638656616	.24573183059692383	-3.394012689590454	4.720355987548828	8.625249147415161	2.745032787322998	.2070300579071045	-8.366669654846191	-2.191180944442749	.9412484169006348	-1.3137991428375244	-1.2300472259521484	.21902775764465332	-4.540865421295166	6.690716505050659	3.045994758605957	-2.604329824447632	-4.135146617889404	.9498250484466553	10.662384033203125	6.6793224811553955	-.3965268135070801	.9623057842254639	6.5427045822143555	-.6011579036712646	-6.063531398773193	-5.316030740737915	-3.2293033599853516	.058867692947387695	-3.120779514312744	.21515727043151855	-5.972243309020996	-.47268080711364746	5.138515949249268	-7.511757135391235	-6.969562530517578	10.22289776802063	-6.949951648712158	-9.044869661331177	-3.0320520401000977	-7.69741415977478	-2.4840826988220215	-.7252447605133057	6.939653396606445	-3.150852918624878	-9.057871341705322	-6.999415636062622	6.392575263977051	2.058626413345337	9.17609453201294	-5.731884241104126	-5.441108703613281	-.5721499919891357	-4.555866718292236	1.4823787212371826	2.893435478210449	-5.058074712753296	-8.71103048324585	-6.994566202163696	-8.488801956176758	-.7382590770721436	-.4927659034729004	-4.156127214431763	-1.3751745223999023	6.911466836929321	1.0869641304016113	7.336318731307983	4.982120513916016	-3.5339457988739014	-2.8548970222473145	-7.159074068069458	-3.696457862854004	-8.261264562606812	7.865000247955322	-.5771200656890869	.7197055816650391	-.03147578239440918	-7.5660881996154785	.5418975353240967	-4.7911176681518555	-4.992284536361694	-.019500255584716797	1.7397267818450928	-4.9654998779296875
1.877333164215088	-.5036184787750244	4.881623268127441	-5.688976049423218	-.42955446243286133	-4.607571840286255	.03755629062652588	.42345261573791504	-.8293347358703613	5.490907430648804	-2.739779472351074	-9.522902250289917	-2.941556453704834	-1.979457139968872	5.014766693115234	-.4646031856536865	-8.269766330718994	7.186057806015015	4.1430463790893555	-3.6225974559783936	-1.2077631950378418	.13564562797546387	-1.965536117553711	5.754823923110962	4.088935375213623	-6.916094064712524	7.785454750061035	5.82952618598938	-7.1094069480896	.2493445873260498	-2.1130142211914062	-.38896918296813965	9.08075475692749	-.20812630653381348	-.08794498443603516	4.394015550613403	-2.6562533378601074	-7.249688386917114	-6.796808242797852	-8.804185628890991	-8.647823810577393	-5.0201170444488525	.5599565505981445	-2.8060824871063232	-7.045567989349365	-1.9102814197540283	9.926441192626953	-8.836528539657593	-4.637815952301025	7.380355596542358	1.0787687301635742	-1.0852210521697998	8.337883472442627	-9.218762636184692	-6.687406539916992	-.26920104026794434	-5.617737293243408	3.7882134914398193	-4.869399070739746	-4.195353269577026	-8.07816457748413	-7.5989601612091064	1.9300079345703125	-3.322906255722046	-8.503603458404541	-8.93912148475647	-9.309937477111816	-7.325932264328003	-8.053477764129639	-3.4122021198272705	-.3404560089111328	-8.655847311019897	-8.398930072784424	-.8817274570465088	2.0442628860473633	-6.1039111614227295	-1.5353217124938965	-4.957316637039185	-5.305438995361328	-5.363727331161499	9.405267238616943	-6.057182550430298	-.20718860626220703	-4.593743085861206	.3415379524230957	-9.470631837844849	-7.459081649780273	-1.9797494411468506	-2.5695271492004395	3.579435110092163	-5.152182579040527	-8.297381162643433	-4.745164394378662	5.874024152755737	.01697540283203125	-.47461676597595215	.010671138763427734	-4.864452600479126	-1.5661096572875977	-2.154278516769409
6.9647204875946045	-1.3327503204345703	-.016150236129760742	7.10001802444458	-1.4893991947174072	-.7445497512817383	.42345261573791504	.07258903980255127	-6.565621614456177	-6.103991508483887	-6.66912055015564	-.4168124198913574	.08741545677185059	-1.8256988525390625	2.731543779373169	.536628246307373	-6.80756688117981	-2.962307929992676	-1.51358962059021	.035494327545166016	3.9806325435638428	-1.7406253814697266	9.609883546829224	-6.5435051918029785	3.9214961528778076	-1.3210515975952148	-7.17660117149353	-.41350507736206055	-6.089712381362915	-6.860080718994141	-1.7570769786834717	-7.93998384475708	3.455551862716675	.4271993637084961	-6.933545827865601	8.796736240386963	-7.133384943008423	-7.795392990112305	-7.738478422164917	-8.561010837554932	-8.558915376663208	-5.047633171081543	-5.747314214706421	-2.2107348442077637	-3.3476507663726807	.9046096801757812	-7.390961408615112	-2.752289295196533	-2.662921190261841	-4.013127326965332	-7.268296957015991	-3.7503714561462402	8.882724523544312	8.753599166870117	9.541333436965942	4.702977657318115	-.5849812030792236	5.325638771057129	7.1656153202056885	-4.574126720428467	-7.014524698257446	-7.672252655029297	-3.373234510421753	8.584086894989014	-4.2411110401153564	-5.17391300201416	-9.470968008041382	5.128546237945557	2.200835943222046	10.265726089477539	-7.253805875778198	-6.767164707183838	-3.7348263263702393	-.5918607711791992	-7.890937566757202	4.73069429397583	-8.418459177017212	9.268707275390625	-8.907021284103394	4.5535197257995605	.6428573131561279	.05421733856201172	7.5053160190582275	-4.8321356773376465	4.99282431602478	-2.899637222290039	-7.827021360397339	9.012937068939209	-3.586575746536255	9.809243202209473	-7.370097875595093	-4.061896800994873	-4.8875792026519775	-8.413135528564453	-2.195446729660034	-.3596158027648926	-7.089141130447388	-9.219361305236816	-6.292569875717163	-2.8980422019958496
5.632167816162109	-4.479649305343628	-.8825087547302246	-6.362776041030884	-1.5759954452514648	-5.889358282089233	-.8293347358703613	-6.565621614456177	.8579059839248657	-2.6152150630950928	1.4038920402526855	8.900287389755249	2.2425355911254883	-.7928245067596436	7.170675754547119	-1.2764904499053955	.6370124816894531	-5.444905996322632	-8.135096073150635	-2.0142881870269775	3.1160383224487305	-6.142016172409058	.9072308540344238	2.219853162765503	5.05534553527832	-8.388305425643921	-7.574657917022705	5.369048833847046	-3.7435522079467773	-4.684017896652222	2.9414544105529785	-8.775929689407349	10.134140014648438	-8.58799147605896	1.0598158836364746	2.8608453273773193	-4.096001625061035	-5.780157804489136	-1.8457942008972168	-7.92204213142395	6.769880294799805	-2.124042272567749	4.055434703826904	-8.165851831436157	-.888575553894043	-2.7292640209198	8.738844394683838	-8.314187288284302	5.671550750732422	-4.014035940170288	-.988192081451416	-6.775495767593384	.7439603805541992	-4.767664670944214	-3.7987704277038574	-3.4855682849884033	-3.639364242553711	-1.2130506038665771	-4.158955097198486	-.47003960609436035	-4.520659446716309	5.930812120437622	-4.640279293060303	-7.406888246536255	-1.8288803100585938	-.6136643886566162	-1.2322449684143066	-8.188936471939087	-2.1922006607055664	9.254838228225708	6.345177173614502	-4.4863502979278564	-7.750513076782227	-6.045955419540405	8.329047679901123	.6908605098724365	-5.967928886413574	3.155585527420044	-6.399041652679443	-7.569657564163208	-.4452781677246094	-5.277501821517944	-8.625467777252197	-1.64510178565979	-.732609748840332	-3.35327410697937	-1.1170763969421387	1.0599868297576904	8.858308792114258	5.986618280410767	-4.933681964874268	5.551223516464233	-2.55850887298584	-1.1955687999725342	-4.740567684173584	-4.318120241165161	10.744232177734375	-8.896173238754272	-3.120985507965088	-6.409616708755493
-2.1730706691741943	-6.740225315093994	4.878727674484253	10.346946716308594	-1.625878095626831	-4.079118251800537	5.490907430648804	-6.103991508483887	-2.6152150630950928	.5369168519973755	5.176855802536011	-1.6694765090942383	-5.6600682735443115	-6.445138454437256	-5.754663705825806	-4.596803665161133	-4.603543043136597	-5.151480197906494	6.19633936882019	-4.833197593688965	-8.78864073753357	1.31785249710083	-7.611980676651001	1.5918006896972656	-1.9021289348602295	.8962092399597168	-3.11443829536438	-2.9411935806274414	-3.204993963241577	4.520845890045166	-7.851316690444946	-6.203908920288086	-8.344940900802612	-7.929575443267822	-7.2808678150177	3.317082405090332	-7.168893575668335	1.302513599395752	5.908187627792358	-4.1421356201171875	-5.535494565963745	-.20891237258911133	-2.5158398151397705	-7.1853227615356445	-6.127605199813843	-4.135972499847412	-6.640108346939087	-7.818582534790039	-5.264805555343628	-3.4593796730041504	-3.719744920730591	-6.012862205505371	2.2841055393218994	-3.530940532684326	-6.490345239639282	6.733547210693359	-.5113894939422607	2.8639445304870605	-3.480473756790161	-3.1674890518188477	.2439730167388916	-1.5562186241149902	-1.3241636753082275	-6.956449508666992	-4.4412620067596436	-.6315178871154785	-.07341694831848145	-.08865642547607422	-.2577683925628662	-.8231348991394043	-3.510704278945923	-5.796775817871094	1.5920612812042236	9.724154949188232	-5.461465120315552	-8.65331745147705	-5.418384313583374	4.119482517242432	8.893392324447632	4.866865158081055	-3.952435255050659	-6.336615085601807	-5.295008897781372	.8240747451782227	7.377359628677368	-.21469449996948242	-4.8560144901275635	.2512702941894531	-4.803267240524292	-7.018906116485596	-4.911938905715942	-3.408432960510254	-.44280219078063965	2.7505059242248535	-4.190565347671509	2.1357364654541016	-2.876450300216675	-1.4652962684631348	-9.337645769119263	7.4597063064575195
-4.793215274810791	2.7766997814178467	-2.5077667236328125	8.156985521316528	10.73650598526001	1.7345750331878662	-2.739779472351074	-6.66912055015564	1.4038920402526855	5.176855802536011	1.4992777109146118	-4.785417318344116	9.858596324920654	1.3961808681488037	-4.815237998962402	9.432488679885864	-6.303658962249756	-2.1449081897735596	-5.988777160644531	-3.4389455318450928	-2.5268731117248535	1.1937787532806396	-5.631600379943848	-.2105109691619873	-2.0290637016296387	1.0643413066864014	-6.709772109985352	-4.282842397689819	1.3975329399108887	-4.877214670181274	-8.794825553894043	-4.208918333053589	-7.4260382652282715	-5.033477067947388	-4.376262664794922	5.743438959121704	-2.877951145172119	5.0718724727630615	-8.174054145812988	-4.97093653678894	-.3480982780456543	-5.268441438674927	8.548860549926758	9.262945413589478	-7.050590991973877	8.992212057113647	-.3259267807006836	-4.342268705368042	1.163740634918213	-3.408129930496216	-9.084793090820312	8.461223840713501	-5.005152225494385	-1.1025240421295166	-2.494584083557129	-4.6061179637908936	-2.11903715133667	-5.157620668411255	-6.115114212036133	-2.9136788845062256	-.8139004707336426	-6.136163949966431	1.3883333206176758	1.5168125629425049	10.387552738189697	-6.159491777420044	2.932506561279297	-2.551215887069702	-8.73660135269165	-4.970035791397095	-7.2963151931762695	.8683197498321533	-8.920005321502686	1.006178617477417	-.15482139587402344	1.4216597080230713	8.779479503631592	-8.402967691421509	-2.855170249938965	-8.147299528121948	-7.832726955413818	-.17818760871887207	2.7225112915039062	-7.559505224227905	-1.900423526763916	-6.171287775039673	-2.28237247467041	-6.5632483959198	-6.329127788543701	-4.167668581008911	-.023386001586914062	-7.496663808822632	-5.598576068878174	-7.948824167251587	8.740437507629395	11.149770021438599	7.424776554107666	-6.3548424243927	10.332096099853516	-5.829269170761108
-1.8425657749176025	-9.395712852478027	.10982155799865723	-7.202721118927002	-5.846307039260864	-8.296953201293945	-9.522902250289917	-.4168124198913574	8.900287389755249	-1.6694765090942383	-4.785417318344116	.15786850452423096	-5.623395204544067	-3.538630485534668	2.581798791885376	-7.315677165985107	-6.4670469760894775	-1.0677566528320312	2.879206895828247	-9.116554737091064	-3.504470109939575	7.462580680847168	6.699518442153931	-2.512876033782959	-3.7036821842193604	-2.0455188751220703	7.326668977737427	-4.655275821685791	-4.606919527053833	-5.686049461364746	-8.560874700546265	-7.8467326164245605	4.856862783432007	-5.611598968505859	2.7973854541778564	-.10506868362426758	-3.440509080886841	-1.0958490371704102	-7.06852126121521	-5.725450038909912	-8.638927698135376	-6.596075057983398	-3.171534299850464	-2.842886447906494	8.297495603561401	-.8156461715698242	-5.380061864852905	-7.994731426239014	-2.232069253921509	-8.766525268554688	-1.7304809093475342	-.6831822395324707	-3.2776710987091064	7.168231010437012	-.7396371364593506	-6.937779903411865	-5.151077508926392	-7.828027725219727	-1.7173449993133545	.12209081649780273	-2.2382748126983643	-8.068045616149902	-7.078887701034546	-5.275298595428467	-6.811968088150024	-9.423160552978516	-7.657517194747925	-8.116520404815674	-2.844081163406372	-5.385804176330566	-3.016954183578491	-6.165490627288818	5.181743383407593	-6.132001876831055	-7.763888120651245	6.4740309715271	2.45764422416687	4.4161272048950195	-2.8604772090911865	-1.20405912399292	-6.96095871925354	-4.472129821777344	-3.9368484020233154	-2.670708179473877	.032135725021362305	-8.398579597473145	-3.603597402572632	-1.4242072105407715	6.781409978866577	-8.898622512817383	-7.764288663864136	-3.5526909828186035	-4.9428722858428955	-3.5037527084350586	-.9279553890228271	-1.296638011932373	8.242833852767944	5.195941925048828	9.478400468826294	6.38862943649292
4.369708061218262	-9.067609548568726	-5.581095218658447	-4.5916359424591064	.5499114990234375	-7.342247724533081	-2.941556453704834	.08741545677185059	2.2425355911254883	-5.6600682735443115	9.858596324920654	-5.623395204544067	.15789949893951416	5.65024209022522	-.7677426338195801	8.635661840438843	-2.556685447692871	-2.1002891063690186	4.219149112701416	-2.1878902912139893	-8.530113220214844	6.926416635513306	-9.014219760894775	9.626512289047241	-6.517868995666504	-.5862910747528076	-7.652663707733154	-4.790515184402466	-7.030939102172852	-4.951156377792358	-.4864659309387207	5.53929877281189	-6.967028617858887	-7.539517164230347	-4.223878383636475	-9.120618104934692	-7.423061370849609	-1.8438050746917725	-2.803621768951416	-9.784181833267212	-5.5076799392700195	-1.5400454998016357	-1.707385540008545	-6.305152177810669	-5.153745651245117	.4496424198150635	-6.272327899932861	-1.9396326541900635	-3.9308385848999023	-.1054542064666748	-5.003575801849365	-7.9085705280303955	2.142242431640625	10.19285798072815	8.113275051116943	-6.960256814956665	4.784979820251465	-2.690821409225464	3.2996602058410645	-3.932826280593872	-3.357362747192383	-7.287986516952515	-7.328453540802002	8.683242559432983	7.473759651184082	-8.688725233078003	-5.073068141937256	-5.817372560501099	.3376731872558594	-4.604219198226929	-4.966654300689697	-1.9173376560211182	-7.218014717102051	-4.429243803024292	-2.084651470184326	-5.439162492752075	-2.9699153900146484	3.6953318119049072	-2.8579678535461426	5.89229941368103	-.8313589096069336	9.820044755935669	-3.3854804039001465	-3.1126492023468018	9.335105895996094	-5.875661611557007	-1.746534824371338	-2.6710493564605713	-7.094788551330566	-4.14593768119812	-4.313445568084717	9.410214185714722	-1.319528579711914	-6.741027593612671	8.936004161834717	4.171912908554077	-7.924319267272949	-5.469769239425659	.10606241226196289	-9.060025453567505
-8.448214292526245	-5.742724895477295	9.135963201522827	-3.965153694152832	-1.2191979885101318	-4.177504062652588	-1.979457139968872	-1.8256988525390625	-.7928245067596436	-6.445138454437256	1.3961808681488037	-3.538630485534668	5.65024209022522	1.6685372591018677	9.453089475631714	-1.3338594436645508	-.43445563316345215	-8.607133388519287	-5.77333664894104	9.521360397338867	7.104384660720825	-6.949507236480713	-6.3782265186309814	-5.315543174743652	.001943826675415039	-6.880122661590576	-2.9838945865631104	-.6514549255371094	9.309735536575317	.35077619552612305	-7.818124055862427	-1.445603370666504	-.3074452877044678	2.4343514442443848	-1.0266668796539307	-3.372060775756836	-8.38402247428894	4.940671443939209	.01425623893737793	-3.3822431564331055	-.4661386013031006	-6.743789196014404	-3.614544153213501	2.7325897216796875	-8.924154996871948	3.521350383758545	-.6877262592315674	-4.221165657043457	10.234848260879517	10.567877292633057	-3.1479170322418213	-1.401956558227539	-7.445427656173706	-3.143515110015869	-8.418212175369263	-7.495573997497559	11.316999673843384	-2.5857272148132324	.2853238582611084	-3.2776527404785156	.7298939228057861	-7.227753162384033	1.641157865524292	-7.17617130279541	-7.885699987411499	6.9028191566467285	-9.090212106704712	-1.8339519500732422	.09204411506652832	1.1573081016540527	-.3787567615509033	-7.671160697937012	3.773233652114868	-4.7965617179870605	-.7374155521392822	3.5521926879882812	-3.0562427043914795	-.03715944290161133	-.03459668159484863	8.173754692077637	-2.7472150325775146	-5.4514479637146	-7.8066771030426025	-4.933671951293945	-3.5997321605682373	-1.7974839210510254	-5.570502519607544	-1.9246282577514648	1.3244383335113525	-.7669177055358887	-3.135887384414673	3.456501007080078	2.389310121536255	-5.0474934577941895	6.081885099411011	6.312987327575684	-3.4278218746185303	2.6144509315490723	10.749562978744507	.03325843811035156
-2.7538485527038574	-4.36392617225647	-5.645249366760254	2.973604440689087	7.887872219085693	1.6303870677947998	5.014766693115234	2.731543779373169	7.170675754547119	-5.754663705825806	-4.815237998962402	2.581798791885376	-.7677426338195801	9.453089475631714	.19650328159332275	-9.26358962059021	-1.3102383613586426	-3.991163492202759	-1.068140983581543	-8.188795804977417	9.57927942276001	2.3416030406951904	7.285556793212891	-2.6840550899505615	-.1832261085510254	.25507330894470215	-5.200390815734863	-.21250224113464355	-5.952491283416748	8.342753171920776	5.339982986450195	-3.389615774154663	-4.469971179962158	-.8604452610015869	-.1453237533569336	-.5457179546356201	8.323660373687744	-1.9407036304473877	7.06121826171875	-6.288474798202515	-4.523989200592041	-4.667797327041626	-.8658304214477539	-9.065396070480347	-1.7895312309265137	6.942404508590698	-6.607378005981445	-5.726335287094116	-.8862957954406738	2.565438985824585	-1.0123014450073242	-6.085989713668823	-2.6768317222595215	4.505749464035034	4.590053558349609	-6.486400365829468	-5.285406589508057	-7.365814447402954	-1.9226274490356445	9.64054799079895	-.9105067253112793	-2.67449688911438	4.221872329711914	-3.7893731594085693	10.36266279220581	-2.604135751724243	-.6221990585327148	-2.0752360820770264	6.749678134918213	-5.959662675857544	-8.831062316894531	6.706543207168579	-4.045603275299072	-8.229603052139282	2.176093101501465	8.139704942703247	-4.643542766571045	-8.648576021194458	-1.3753910064697266	-9.094354391098022	-8.801220417022705	-3.2597944736480713	-7.9281415939331055	-8.77908205986023	-1.2249350547790527	-2.977565050125122	7.094745635986328	-4.725269079208374	3.617295742034912	-4.64978814125061	-5.022793769836426	6.666449785232544	9.68323564529419	-1.1204578876495361	-1.6022930145263672	-7.156903982162476	-7.456070423126221	-.2921621799468994	-2.883254051208496	-5.463152647018433
5.068669080734253	-8.136638641357422	1.0666191577911377	-2.7058844566345215	-.7249281406402588	-9.03708553314209	-.4646031856536865	.536628246307373	-1.2764904499053955	-4.596803665161133	9.432488679885864	-7.315677165985107	8.635661840438843	-1.3338594436645508	-9.26358962059021	1.0564109086990356	-6.2761547565460205	5.017376899719238	3.600647211074829	-.16810941696166992	-3.085001230239868	-5.1324005126953125	-3.1951911449432373	-3.0502095222473145	-6.229464769363403	-7.041317939758301	-5.576768636703491	1.1321587562561035	-4.189281702041626	-.24086952209472656	-2.8031184673309326	-8.361483097076416	-6.830907106399536	-.32114315032958984	2.9487574100494385	2.013542652130127	-3.220014810562134	.006679534912109375	-2.728611707687378	9.524569988250732	-3.433997392654419	-7.152176856994629	-.7856652736663818	-2.4009108543395996	-9.374466180801392	-3.9385814666748047	-7.028311491012573	1.2622466087341309	8.420248746871948	1.198002815246582	-5.430427312850952	2.574345111846924	-4.037401437759399	-7.562980651855469	-.44635844230651855	-2.9316563606262207	-7.996684312820435	-8.475682258605957	-7.3234193325042725	-6.812642574310303	1.2189137935638428	-9.290346145629883	-4.414393186569214	-3.2778420448303223	.3991878032684326	-9.315810203552246	-8.490031957626343	4.248672962188721	-5.365286111831665	-5.482006072998047	-5.051556348800659	-.43451356887817383	-1.4956505298614502	8.597540855407715	-4.643155813217163	.13133859634399414	-3.737266778945923	-4.436788558959961	-4.1644885540008545	-3.4973740577697754	11.027785062789917	1.2467927932739258	4.816818475723267	-3.2290987968444824	-5.031793832778931	-3.391021728515625	3.7526695728302	-.999626636505127	.4909789562225342	-3.3231325149536133	.8020002841949463	-1.334592342376709	-1.5711328983306885	.48146629333496094	-4.481722593307495	-4.9119744300842285	1.2279155254364014	-8.004813194274902	-5.463001012802124	-9.124595165252686
-.6995601654052734	-.49948763847351074	-2.2163729667663574	-5.538437128067017	-.26184940338134766	-5.258195638656616	-8.269766330718994	-6.80756688117981	.6370124816894531	-4.603543043136597	-6.303658962249756	-6.4670469760894775	-2.556685447692871	-.43445563316345215	-1.3102383613586426	-6.2761547565460205	.8591686487197876	-3.5392720699310303	-.1883549690246582	-3.069164514541626	-4.336695671081543	-3.101738691329956	-3.3658766746520996	8.520323514938354	.2753410339355469	-1.3032281398773193	-2.5637078285217285	-4.6274778842926025	1.5905790328979492	-8.76898455619812	-4.384631633758545	-6.846797227859497	9.898813247680664	-7.182845830917358	-3.349400043487549	-3.186706781387329	-8.709380149841309	-.3497436046600342	-1.2092337608337402	.026377439498901367	-4.155143737792969	-2.2582032680511475	-1.2583222389221191	-2.3738043308258057	-3.1838388442993164	-6.142843961715698	-6.6463236808776855	-8.95585560798645	-6.177545547485352	-6.5468785762786865	6.3091349601745605	3.7467763423919678	-1.9675626754760742	9.615386247634888	-4.190042018890381	-2.3266994953155518	-1.6469078063964844	7.996050119400024	-5.73491907119751	-7.326917886734009	-5.382817268371582	-.24888110160827637	-4.022029399871826	.9431426525115967	3.770753860473633	-.5219953060150146	-8.16587495803833	.46565985679626465	-3.93936824798584	-.8469741344451904	8.988573551177979	-8.554532289505005	6.221923828125	-.9310929775238037	-5.4466233253479	-7.252443552017212	-6.334481239318848	.7722790241241455	-5.714873790740967	1.3345725536346436	-8.334413528442383	-5.998821020126343	-5.727554798126221	-3.2956812381744385	7.5470781326293945	8.622550249099731	-1.376512050628662	-6.672745943069458	-6.126773834228516	-6.430257558822632	-6.846560001373291	-1.916006326675415	-3.3669557571411133	-3.2199885845184326	10.072018146514893	-3.2971909046173096	-1.5711727142333984	-3.867980718612671	-6.329029560089111	-6.802871942520142
-3.7954862117767334	-7.870087146759033	-7.363499879837036	1.4347972869873047	-6.28113055229187	.24573183059692383	7.186057806015015	-2.962307929992676	-5.444905996322632	-5.151480197906494	-2.1449081897735596	-1.0677566528320312	-2.1002891063690186	-8.607133388519287	-3.991163492202759	5.017376899719238	-3.5392720699310303	.26259052753448486	-8.145325899124146	-.8141145706176758	5.684696435928345	-6.338784694671631	-.051180124282836914	-8.116533279418945	-.34077906608581543	-.22417306900024414	3.751171827316284	-.06835079193115234	4.409212350845337	-4.692187786102295	3.8464467525482178	-1.3162956237792969	2.4119656085968018	-6.739166736602783	-7.098607301712036	-7.221940040588379	-8.054443120956421	-5.482541561126709	-3.6477110385894775	-4.424200057983398	-4.723656415939331	-.22333765029907227	-1.9075539112091064	-8.401835441589355	-2.1535356044769287	-9.508674144744873	-7.840294122695923	1.96405029296875	1.4613392353057861	-3.1942639350891113	-.5760586261749268	-.17249011993408203	-.5228307247161865	-3.506913661956787	-4.725443124771118	-3.1847476959228516	-7.011563062667847	9.8929762840271	-.6920120716094971	-7.535857200622559	-5.984594106674194	-7.151088237762451	-6.9847986698150635	-1.3412971496582031	-8.30837893486023	-5.3541951179504395	-5.530804872512817	-6.931389808654785	-1.5485913753509521	-8.052525997161865	-1.9875013828277588	5.586198806762695	-8.782624006271362	-.2658562660217285	-2.0553276538848877	-5.236041069030762	-8.41208815574646	-5.760055065155029	-2.790191888809204	-2.7479629516601562	-4.975313901901245	-.10958528518676758	-.915971040725708	-7.764264106750488	-8.959850072860718	-8.760003566741943	4.862989187240601	-6.126985549926758	-5.614964246749878	1.9095396995544434	7.549374341964722	-1.2680120468139648	-6.764142751693726	4.523800373077393	-3.4595987796783447	-7.771572113037109	2.3824093341827393	-8.351059436798096	-6.684682130813599	-1.9367380142211914
-5.478443622589111	9.288126707077026	-6.598451614379883	-8.306746244430542	7.2381672859191895	-3.394012689590454	4.1430463790893555	-1.51358962059021	-8.135096073150635	6.19633936882019	-5.988777160644531	2.879206895828247	4.219149112701416	-5.77333664894104	-1.068140983581543	3.600647211074829	-.1883549690246582	-8.145325899124146	.3924165964126587	-2.770585775375366	-3.899071216583252	-2.588850259780884	-7.712111473083496	-8.79080843925476	-2.547379970550537	-2.113429307937622	-4.7235107421875	-.06101584434509277	-3.2473702430725098	-8.211845636367798	-8.034760475158691	-5.759186506271362	3.19700288772583	.08831286430358887	-5.76036262512207	-.7781426906585693	-3.2174344062805176	-3.361635446548462	-8.245287895202637	-6.288050413131714	-3.5055747032165527	.1060340404510498	-2.3774757385253906	-7.298919439315796	-.5065293312072754	-5.087047815322876	10.099665641784668	2.7768967151641846	-5.6961283683776855	-.8278439044952393	9.274759292602539	-2.4377992153167725	-3.999420642852783	3.62558913230896	-5.244040489196777	-5.847548246383667	-7.603173732757568	-3.4183990955352783	-4.641548156738281	-7.446735143661499	-2.768373966217041	6.852447271347046	6.791953086853027	.11791157722473145	-3.642726421356201	1.6917903423309326	6.348211288452148	4.984819650650024	-6.073154926300049	-9.267801523208618	-7.411494255065918	2.51507306098938	-6.418302059173584	-3.0773537158966064	-.9688529968261719	1.7299120426177979	-1.3610291481018066	-.5339853763580322	-7.161023139953613	-5.251766920089722	-8.720916271209717	.7565906047821045	-3.493131637573242	1.2240889072418213	-7.2667622566223145	8.317567586898804	5.549225807189941	10.784188508987427	-5.5290846824646	-6.261454820632935	-7.8125152587890625	.4653971195220947	-3.6126198768615723	-7.38697075843811	.037611961364746094	-8.847763776779175	-.008822917938232422	-4.524068117141724	-.2023944854736328	7.014383554458618
.3837277889251709	-7.682724952697754	.6957952976226807	3.4320807456970215	-1.2524597644805908	4.720355987548828	-3.6225974559783936	.035494327545166016	-2.0142881870269775	-4.833197593688965	-3.4389455318450928	-9.116554737091064	-2.1878902912139893	9.521360397338867	-8.188795804977417	-.16810941696166992	-3.069164514541626	-.8141145706176758	-2.770585775375366	.9122592210769653	-7.194066286087036	-1.441096305847168	5.32468056678772	-.5202517509460449	-5.737394571304321	-1.9349136352539062	-5.761425733566284	10.248115062713623	-7.816779375076294	-1.111943244934082	-.8817574977874756	-1.7708563804626465	-6.736175775527954	-.4997730255126953	-.6508166790008545	-3.9699883460998535	5.001242399215698	1.252915382385254	-7.913573980331421	-.019446849822998047	-6.119417428970337	10.313846588134766	-2.057968854904175	-7.42924165725708	-5.43726658821106	-1.3953485488891602	-7.327409505844116	7.8882737159729	3.0718648433685303	1.7383670806884766	-6.133272886276245	-2.9440979957580566	-8.017071962356567	-2.043063163757324	-1.3674046993255615	-5.330897808074951	-3.3908445835113525	3.0687103271484375	3.2853806018829346	-1.7665104866027832	-1.8104393482208252	-6.614056587219238	11.034799814224243	-7.397664546966553	.07643866539001465	-6.337701797485352	6.672600984573364	-6.58593225479126	-6.077134370803833	-8.969656944274902	-3.739936590194702	-6.470229625701904	-9.129801034927368	-4.060947418212891	-9.184502363204956	-.5293164253234863	-8.26442265510559	-4.908692359924316	-4.9982545375823975	-9.144296169281006	-3.800579309463501	-1.6186046600341797	8.813679933547974	-5.161116123199463	-7.007069826126099	.8325090408325195	-4.734294652938843	8.546932697296143	1.0855882167816162	1.5342483520507812	-5.920742750167847	6.5167155265808105	7.8726584911346436	-6.4198808670043945	-3.629697561264038	-2.867246150970459	-7.637314081192017	-4.994966506958008	10.336838960647583	-7.935274600982666
-6.313185691833496	-5.825332403182983	1.380359172821045	-2.0344784259796143	-6.06132698059082	8.625249147415161	-1.2077631950378418	3.9806325435638428	3.1160383224487305	-8.78864073753357	-2.5268731117248535	-3.504470109939575	-8.530113220214844	7.104384660720825	9.57927942276001	-3.085001230239868	-4.336695671081543	5.684696435928345	-3.899071216583252	-7.194066286087036	1.322553277015686	-.22355246543884277	-.6077008247375488	-3.0059397220611572	.47110843658447266	-3.793999433517456	10.286936283111572	-7.181878328323364	11.336822509765625	-2.400197744369507	-8.853628635406494	-3.857069253921509	.37717342376708984	9.461514711380005	-2.862647533416748	-5.893084764480591	-1.6297626495361328	-4.826293706893921	-3.8038411140441895	2.5711591243743896	.08237171173095703	-2.064648389816284	-5.283898830413818	-1.4430973529815674	-6.544284820556641	-8.300668478012085	-.7649788856506348	-4.316957712173462	-7.204312324523926	9.109933137893677	3.1227917671203613	-.39636921882629395	3.9584903717041016	.440349817276001	4.26881742477417	4.4453771114349365	.5386056900024414	-1.4698188304901123	4.769533634185791	-7.7548534870147705	-2.9437026977539062	-8.277066946029663	8.615907192230225	7.387460470199585	-4.854889869689941	-8.196482419967651	6.380936145782471	.04199671745300293	-.26062965393066406	7.935753107070923	-5.092850208282471	-7.398910760879517	.2616853713989258	-2.4001357555389404	-9.0058913230896	6.117228269577026	.8104438781738281	-.4700181484222412	10.085904598236084	-.25943970680236816	9.347315788269043	10.65164303779602	-2.04133939743042	-4.8436119556427	-2.1152477264404297	-1.9807088375091553	-1.5919690132141113	-.9773294925689697	-6.32651424407959	-2.2462241649627686	-3.0632987022399902	.40752291679382324	-2.6099700927734375	4.979852914810181	-4.558111667633057	-2.7732832431793213	-3.6758203506469727	-5.236315488815308	7.9028401374816895	-4.318820238113403
