1.929727017879486	-8.112385638058186	-1.6855475902557373	-4.647375464439392	-5.613739490509033	3.888274073600769	-.6064169406890869	.8186589479446411	-2.345998764038086	-7.537357926368713	-4.259166479110718	-.6251958608627319	-6.87135648727417	-4.833267331123352	-4.73156476020813	.7267485857009888	-7.094964027404785	-8.099429726600647	-6.050833463668823	-2.8045848608016968	3.7166991233825684	-6.429961323738098	-5.152397394180298	-7.126788973808289	.7170753479003906	-.006868958473205566	-4.348634481430054	-.7197221517562866	3.7607789039611816	-1.6938000917434692	-7.297625780105591	-.4792584180831909	-7.815154075622559	-3.129792809486389	-3.471905469894409	-7.0610374212265015	-3.91001558303833	1.6769741773605347	-3.127210855484009	-8.724214434623718	.12182426452636719	-1.7445684671401978	8.22876763343811	-8.675210356712341	-1.2478327751159668	-7.922130703926086	-8.132363557815552	3.0885382890701294	-2.939763069152832	-3.5338131189346313	-3.628451108932495	-8.565170645713806	-5.9860711097717285	-6.0018569231033325	-3.3355448246002197	-5.747054934501648	-1.7489395141601562	-3.58639395236969	-5.456647634506226	5.109902024269104	-.6393790245056152	-4.979196667671204	-4.290465593338013	-.5932987928390503	-8.335978507995605	-1.3974281549453735	-3.700157880783081	-.9654220342636108	-1.503654956817627	-2.1773921251296997	-2.0820868015289307	-2.4687479734420776	-5.01240348815918	10.131717085838318	-3.8345677852630615	-4.262822508811951	8.343952655792236	-7.825935482978821	-4.326619386672974	-5.04820716381073	-2.370987892150879	.6934245824813843	-1.366713285446167	-8.410229086875916	-7.954954624176025	.9394310712814331	10.828475713729858	-.6627310514450073	-5.285755157470703	-3.4261728525161743	5.1653196811676025	.8081785440444946	-3.040025234222412	-7.923284649848938	-5.295512437820435	-4.29962432384491	6.088021278381348	-1.347192406654358	-5.807804822921753	-2.54802930355072
-8.112385638058186	.9245006442070007	-3.82819926738739	-1.9441027641296387	-3.2394081354141235	-6.230947732925415	-3.4087060689926147	-7.5100202560424805	-6.170855641365051	-4.5210511684417725	-2.6673821210861206	-.8305535316467285	-7.70106565952301	-1.0105335712432861	-1.6607459783554077	-1.4187641143798828	-6.2039395570755005	-7.518120527267456	-7.384769320487976	-1.1724791526794434	-.414706826210022	.14332175254821777	-4.743626952171326	4.78195858001709	-5.648675084114075	.07303643226623535	-9.018446803092957	-6.254059314727783	-7.519980072975159	-7.311373949050903	-1.8360599279403687	-.3951568603515625	2.839664340019226	-5.367697477340698	-5.637750506401062	-2.515723705291748	.06221616268157959	5.177137136459351	-8.648005843162537	-.09366512298583984	-1.6754447221755981	-1.8666894435882568	.6567336320877075	-.5541520118713379	-3.370266556739807	-7.7456371784210205	5.57932436466217	-3.113370895385742	-.41177570819854736	-.8565566539764404	1.733169674873352	-7.122273921966553	.6991733312606812	4.659560918807983	-3.9265302419662476	-3.9103288650512695	8.131647944450378	-1.176166296005249	-2.5715283155441284	-4.129269123077393	-3.9941126108169556	-3.7742607593536377	-6.4692806005477905	-1.5968437194824219	8.17455279827118	-6.070635557174683	7.548303723335266	-8.640567302703857	-7.496022820472717	-4.120344400405884	-6.8838876485824585	-.9414701461791992	-6.344584584236145	-2.191331624984741	-7.132920145988464	-1.8778481483459473	-6.633705735206604	-.3581821918487549	-6.5365623235702515	.6309871673583984	.23146235942840576	-3.595871686935425	-5.87203586101532	-1.219041347503662	-2.0155597925186157	-3.373516321182251	-7.324765563011169	-2.960526466369629	-.7213298082351685	-7.748122930526733	-.9571293592453003	-6.198326587677002	-.03123342990875244	1.041661024093628	-1.6772083044052124	-.45331573486328125	-3.1082345247268677	-7.518202543258667	-7.707536578178406	-6.506133556365967
-1.6855475902557373	-3.82819926738739	1.1653441786766052	9.146355986595154	-7.74669337272644	-3.2318814992904663	-5.486448764801025	-4.5072537660598755	-1.3714239597320557	-1.0659760236740112	-.8302536010742188	-1.777295708656311	-4.359077215194702	-1.6722034215927124	-6.946343898773193	-.22370636463165283	8.74457049369812	-6.16616427898407	-8.25256633758545	-2.291187882423401	.5324146747589111	-2.1575998067855835	.42502927780151367	-6.152958035469055	-5.482727289199829	-5.844141840934753	-8.616559982299805	-.05450022220611572	-8.5868661403656	-3.6050628423690796	-1.9260401725769043	-8.157313466072083	-6.083590745925903	-8.095025897026062	.6334295272827148	-5.882662415504456	-2.0128180980682373	-1.8378347158432007	.9154868125915527	-3.755327343940735	-3.3695433139801025	-5.320183634757996	-1.9781837463378906	-4.74735414981842	-4.822589635848999	-6.585407614707947	.33339929580688477	-6.121804356575012	-7.933358430862427	-3.327232241630554	-3.958235740661621	-7.77650511264801	-7.874579191207886	-1.4835237264633179	-7.819763660430908	-4.0877991914749146	2.350940465927124	-5.330038905143738	-4.844812393188477	8.745705008506775	-6.8084352016448975	2.925824761390686	7.777287006378174	-1.140616536140442	-7.67192006111145	-8.948720812797546	-4.207249641418457	-6.621153473854065	-1.0450561046600342	-8.805604338645935	-7.085409641265869	-6.423811078071594	-3.4384634494781494	-5.20964515209198	-.6461334228515625	.5262397527694702	-6.786590337753296	-5.032303214073181	-3.149064540863037	-1.7371875047683716	-8.666463136672974	-2.5454291105270386	-2.793299674987793	-1.5650449991226196	-4.016436338424683	-1.0150140523910522	-1.68613862991333	-7.536800503730774	-1.3549425601959229	-2.794939875602722	-2.3118343353271484	-6.8041874170303345	-8.499242544174194	-6.920729041099548	-4.500342845916748	-6.934954762458801	-4.784175157546997	-3.2032946348190308	-3.896073341369629	-9.256617188453674
-4.647375464439392	-1.9441027641296387	9.146355986595154	.9073197245597839	9.990581631660461	-7.9781270027160645	-5.0941444635391235	-7.487141847610474	-7.054559111595154	-6.791225433349609	-1.631796956062317	-2.572125196456909	-4.6344975233078	-2.6733317375183105	-1.3636099100112915	5.619647741317749	10.204990029335022	.759953498840332	-1.2074300050735474	-7.856525182723999	-2.443200945854187	-6.601110935211182	-8.489307045936584	-3.6738617420196533	-1.5662530660629272	-3.4541568756103516	-3.412243962287903	-2.577845335006714	-8.950177073478699	-8.678456783294678	-5.024946808815002	-1.2299749851226807	-4.3985618352890015	-7.42867374420166	4.309425234794617	-7.551515340805054	-4.4513243436813354	-4.728611469268799	-6.055490136146545	-4.567246675491333	-8.6034597158432	6.435035705566406	.48199164867401123	2.2507851123809814	-4.023791193962097	-4.481067180633545	-.19714796543121338	-6.86048150062561	-4.773720145225525	-7.670645713806152	-2.4013806581497192	-4.298873662948608	-8.525976061820984	-1.571566104888916	-1.5973812341690063	-6.940734148025513	-.7833665609359741	-2.959585189819336	-3.8787776231765747	-3.4846713542938232	6.402472615242004	-6.542100429534912	-8.934900879859924	-8.29530930519104	-1.7876724004745483	-7.0518999099731445	-3.519535183906555	-6.747037649154663	-8.659343600273132	-4.840912342071533	-6.419667840003967	-.06776165962219238	-3.2231611013412476	9.026042938232422	.07576072216033936	.31734776496887207	.08642685413360596	-4.822494029998779	-4.792893052101135	-4.05789589881897	1.1923938989639282	-3.1583738327026367	-1.7247258424758911	-4.044444799423218	-7.343614459037781	-1.7475876808166504	-5.327037453651428	-.7217667102813721	-6.540030837059021	-5.44401741027832	-.5840808153152466	-3.7415950298309326	-6.7141159772872925	-5.7831854820251465	10.174188017845154	-3.1716787815093994	.2992912530899048	-5.076004981994629	-1.196640133857727	-2.8395326137542725
-5.613739490509033	-3.2394081354141235	-7.74669337272644	9.990581631660461	.9532036185264587	-7.6177345514297485	7.753945589065552	-.931719183921814	.29086828231811523	-6.169068455696106	-4.441742181777954	2.166204571723938	-4.684165954589844	-6.43540632724762	.7372572422027588	-9.269173979759216	-3.272489070892334	-7.7354737520217896	-1.2050278186798096	-4.635681986808777	-1.7093305587768555	6.617863059043884	-2.672772169113159	3.4403377771377563	-2.809998035430908	-2.776152729988098	-6.44710373878479	-5.239723086357117	.3113727569580078	-2.999918580055237	-1.6548535823822021	-4.290488600730896	-.9769320487976074	-4.911222577095032	-8.237305879592896	-6.0863484144210815	.4570455551147461	-6.736993432044983	-1.9189479351043701	-5.605207800865173	-8.709814548492432	-2.1670504808425903	-8.676220178604126	-7.772237658500671	-6.974460601806641	.052146315574645996	-2.706266164779663	-9.303624510765076	-7.226418972015381	-5.976253628730774	-5.8956825733184814	-7.050320506095886	-3.4665441513061523	-1.89324152469635	-8.789269208908081	.15820658206939697	-5.025768756866455	-5.1776992082595825	-.058779001235961914	-5.829776644706726	-5.283853530883789	1.2598508596420288	.528331995010376	-6.332019209861755	-7.888137340545654	6.983495593070984	-1.3598453998565674	-1.176035761833191	-2.472287178039551	-1.5618187189102173	.411576509475708	-3.5428565740585327	-1.8750481605529785	-6.144036412239075	.9755322933197021	-4.310777544975281	-1.8589935302734375	-4.337742447853088	-.505746603012085	1.100889801979065	8.670725345611572	-8.617912411689758	-2.3094818592071533	-2.6119316816329956	-4.052371025085449	-7.9536625146865845	-4.121098279953003	-8.481834769248962	-4.874840259552002	-7.901999592781067	-3.502973794937134	-5.6136778593063354	-5.442068099975586	-8.201571106910706	-2.863189458847046	-1.0283349752426147	-6.417018413543701	-6.8664151430130005	-7.924279451370239	6.9935542345047
3.888274073600769	-6.230947732925415	-3.2318814992904663	-7.9781270027160645	-7.6177345514297485	1.012800395488739	-6.478927493095398	-5.30836820602417	-.890628457069397	-.3892385959625244	6.027990937232971	-3.854273796081543	-.31100571155548096	-3.654386281967163	-3.519114375114441	-5.463755130767822	-6.914007782936096	-4.999161958694458	-1.6474651098251343	9.684110641479492	-6.466114163398743	-6.017681837081909	-7.792486071586609	-6.8182692527771	-6.31388247013092	.6080472469329834	-6.766555190086365	4.049246788024902	-9.10269844532013	-.4856221675872803	5.272246479988098	2.890784740447998	-7.99552595615387	-3.4377281665802	-3.64861524105072	-3.4492950439453125	-5.391656994819641	-4.756449460983276	-6.28487765789032	-5.730147838592529	-9.145461678504944	-1.4128553867340088	-.6442312002182007	.34180545806884766	-7.285138249397278	9.565344095230103	2.044930577278137	-7.730871677398682	-7.231463074684143	-.9999516010284424	-2.135239005088806	-7.580381393432617	-2.5165406465530396	-3.0309836864471436	-.7607897520065308	-3.817441463470459	-7.002553582191467	2.712116003036499	-4.534724593162537	-5.375035285949707	-3.6005126237869263	-4.962424993515015	-.25574958324432373	.6478381156921387	-.4890066385269165	.22823023796081543	-4.287023901939392	-6.357585906982422	-6.832952618598938	-3.5522220134735107	-7.524909853935242	-5.353587627410889	-.0023456811904907227	-1.3529760837554932	-6.867722868919373	-7.999712944030762	-5.291009068489075	.9701330661773682	-.18448150157928467	4.503476619720459	-6.13534414768219	-2.3391201496124268	-7.783657431602478	-3.9293460845947266	-5.833080410957336	-8.531101942062378	-6.381925463676453	-2.1120238304138184	-3.762025475502014	-6.444069147109985	-5.5729135274887085	.0693349838256836	-1.0988150835037231	-4.097919225692749	-4.795952677726746	-.1873936653137207	-3.0376631021499634	-2.787940263748169	-1.804827094078064	8.055900573730469
-.6064169406890869	-3.4087060689926147	-5.486448764801025	-5.0941444635391235	7.753945589065552	-6.478927493095398	.5327157378196716	-7.350885987281799	-3.3750216960906982	-6.035996794700623	.38827085494995117	-8.83586323261261	-6.08176064491272	-7.636944651603699	-5.410284042358398	-9.080217003822327	-5.7098939418792725	-4.380508780479431	-6.208541393280029	10.87760055065155	-4.5102760791778564	-4.97018039226532	5.823698997497559	-.729378342628479	1.1861603260040283	-1.6973413228988647	.6396842002868652	-.7403870820999146	-2.750345468521118	-2.035014033317566	-5.653041839599609	-6.910674691200256	-3.467132329940796	5.268388390541077	-5.261388301849365	6.744744181632996	.15213274955749512	-3.404687762260437	-3.6754674911499023	-3.8926607370376587	-8.731295347213745	5.365313172340393	-4.137344837188721	-.38868534564971924	.3700101375579834	-7.558693766593933	-5.60978889465332	-3.600141167640686	-3.9491021633148193	-5.9641841650009155	-2.245021343231201	-2.018605351448059	-1.7051117420196533	-6.882774233818054	-4.353466987609863	-3.6141706705093384	-5.7445762157440186	-.6839708089828491	-7.872503757476807	-3.179195523262024	-.46288132667541504	9.3310786485672	-7.335212707519531	3.8279460668563843	-8.022990942001343	-5.164163947105408	-9.339128017425537	5.939114451408386	-4.074197053909302	-3.1153773069381714	-7.514986991882324	.8326543569564819	-4.970869779586792	.8188692331314087	-3.9954800605773926	-9.010355114936829	-7.4912073612213135	-1.3266342878341675	5.615999221801758	-3.1498504877090454	-9.055986166000366	10.0825115442276	.776604175567627	-8.530533909797668	-9.44731068611145	.6865655183792114	-7.964715003967285	-7.325623154640198	-7.027363538742065	-7.9621042013168335	-5.4359612464904785	-5.280601620674133	-4.457155466079712	4.007229924201965	-8.810840606689453	-3.556968331336975	-.9152753353118896	.6899048089981079	3.922487735748291	-2.075987935066223
.8186589479446411	-7.5100202560424805	-4.5072537660598755	-7.487141847610474	-.931719183921814	-5.30836820602417	-7.350885987281799	1.948736846446991	-.6083239316940308	-4.867275714874268	-7.977386116981506	-7.99749493598938	-6.368346571922302	5.500465393066406	-3.289185643196106	-.5846831798553467	-3.610310435295105	-3.913081645965576	4.807515501976013	-3.3896219730377197	-6.147570013999939	-.8739080429077148	-2.419582486152649	-2.241779088973999	-1.8735579252243042	-6.73589563369751	-1.5797325372695923	-8.042887926101685	-6.480534911155701	-8.034566879272461	-3.127890706062317	-2.6106975078582764	1.3216601610183716	-2.5808348655700684	4.166533827781677	-4.022722482681274	1.0868602991104126	-3.054753303527832	-1.7490712404251099	-.4599931240081787	-5.586179614067078	-5.099266529083252	-.6792713403701782	-7.550805330276489	.22746717929840088	-6.913959503173828	-8.149335026741028	-.21447062492370605	-4.439850687980652	-1.3488078117370605	-4.873983979225159	8.994933843612671	-1.1671127080917358	-4.497927665710449	-7.726143002510071	-1.9551846981048584	5.636623501777649	-5.793325901031494	.7943099737167358	-1.919684648513794	.013472199440002441	-7.598649978637695	-.40820610523223877	-.41944003105163574	8.237969517707825	-7.302937984466553	-4.493725419044495	-2.985090494155884	-6.901676535606384	-2.9143686294555664	8.344514727592468	-6.000791311264038	-3.3223360776901245	-8.154011249542236	-.5886760950088501	-1.0479633808135986	.635292649269104	-.0495758056640625	6.54080855846405	-1.7490432262420654	-4.012066721916199	-8.029162883758545	-7.372377991676331	.8887670040130615	-8.609018683433533	-5.515013694763184	1.6582144498825073	10.629749536514282	-3.080245852470398	-.017260074615478516	-7.757917046546936	-2.3340790271759033	-1.6492589712142944	-.7276744842529297	.6430214643478394	-3.226717710494995	-5.057146906852722	-2.613420009613037	-7.6896291971206665	-6.031931161880493
-2.345998764038086	-6.170855641365051	-1.3714239597320557	-7.054559111595154	.29086828231811523	-.890628457069397	-3.3750216960906982	-.6083239316940308	.1528124213218689	-.609967827796936	-2.814793348312378	-2.0033172369003296	-3.426098346710205	.4025334119796753	-.51833176612854	-3.715032458305359	-6.12010383605957	-.34623396396636963	-.7191312313079834	-3.4447911977767944	-3.022979259490967	-9.13788616657257	-.04011654853820801	.7123137712478638	-3.6687822341918945	6.658069968223572	-.48116564750671387	-1.9110759496688843	-2.8903985023498535	-3.009513020515442	-5.387859582901001	-.3983343839645386	3.9617080688476562	-6.967173218727112	-3.9202325344085693	-7.592601180076599	-7.699254512786865	3.589410662651062	-6.021521806716919	-3.940531611442566	-7.915156364440918	7.00166928768158	-6.88691782951355	5.163953423500061	-6.901695728302002	-8.445607304573059	-4.932314157485962	-2.4640825986862183	-4.267148971557617	-6.618019700050354	-1.2630574703216553	-4.144341826438904	-5.731120586395264	-2.125309109687805	-.6426975727081299	-4.175042033195496	-7.343293190002441	-.4151073694229126	-.9617373943328857	-1.1766666173934937	-4.20217752456665	-7.366686940193176	-6.206382989883423	-1.935714602470398	-6.673862457275391	-1.3847109079360962	.07270646095275879	-6.7484506368637085	3.889235019683838	-8.992982983589172	-.20833134651184082	-4.264654994010925	-2.070380210876465	.07180249691009521	-1.1353118419647217	-5.831373572349548	-2.034031391143799	-4.7336894273757935	-7.764753580093384	-2.3366678953170776	-1.625619888305664	6.146815657615662	-7.592628240585327	-9.553365111351013	-6.3303751945495605	.7754515409469604	-4.523110628128052	-5.982807993888855	-7.713604927062988	-4.373538613319397	-5.337328672409058	-1.198604941368103	-9.139444828033447	-2.0075522661209106	-6.662113428115845	-7.690379977226257	-7.9896087646484375	-8.10937750339508	-3.438749074935913	-4.207522749900818
-7.537357926368713	-4.5210511684417725	-1.0659760236740112	-6.791225433349609	-6.169068455696106	-.3892385959625244	-6.035996794700623	-4.867275714874268	-.609967827796936	.2908431887626648	-4.2624300718307495	-7.70552396774292	-1.6864029169082642	-4.6251585483551025	-4.322993636131287	-7.219820976257324	-.7437812089920044	8.696050882339478	-3.291951060295105	-3.4679818153381348	-2.843037247657776	-.28831982612609863	-3.8859771490097046	-6.888849258422852	-6.111978650093079	-3.791527509689331	-9.198699831962585	-5.493531703948975	-8.977241158485413	-1.7084696292877197	-8.669450163841248	-.7091531753540039	-5.383038640022278	-7.709434270858765	-2.552012324333191	-2.7226033210754395	-3.5099130868911743	-2.833850145339966	-6.8833736181259155	-4.324287414550781	-1.993484616279602	-3.5840365886688232	-7.952474474906921	-8.25187635421753	-4.643201470375061	-1.518953561782837	-.2689584493637085	-9.034056663513184	-9.661090016365051	-5.347951650619507	-6.031922221183777	-1.3342804908752441	-6.360504746437073	.475477933883667	-6.0986655950546265	-1.794515609741211	.6151217222213745	-4.340046644210815	.5465584993362427	-6.378995418548584	-7.4264713525772095	-5.517547845840454	-6.176205992698669	-4.217968940734863	.5548771619796753	-6.305438756942749	-.9113682508468628	-2.951450824737549	-.3869997262954712	-3.0712730884552	-7.836540579795837	-3.5729713439941406	-8.403347134590149	-.3954951763153076	-2.1312884092330933	-4.773326396942139	-4.569238305091858	-8.665189981460571	-4.94588029384613	.21567249298095703	-3.102324604988098	-3.167833089828491	-4.870037913322449	-1.7225518226623535	-3.0815855264663696	-5.685040712356567	-1.9016860723495483	-1.4330921173095703	-4.666078686714172	-4.5863196849823	-3.915702700614929	-5.833306789398193	-4.813689827919006	-2.4228174686431885	-3.6326688528060913	.24343013763427734	.5001171827316284	-.0210721492767334	-7.087618708610535	-9.296020984649658
-4.259166479110718	-2.6673821210861206	-.8302536010742188	-1.631796956062317	-4.441742181777954	6.027990937232971	.38827085494995117	-7.977386116981506	-2.814793348312378	-4.2624300718307495	1.2535876631736755	-2.241949677467346	8.312941789627075	-5.881211638450623	-.314821720123291	-8.111150860786438	-.11020493507385254	-1.22081458568573	-3.406627655029297	-4.681501030921936	-1.2261083126068115	-1.8567203283309937	-5.860318660736084	-6.06371796131134	.04054903984069824	-4.924060702323914	-8.816397666931152	-6.440785050392151	-4.033743619918823	-7.73960816860199	-2.261070728302002	4.088298678398132	.809924840927124	-3.895525813102722	.5050029754638672	-5.835231423377991	-7.90586256980896	-6.853117346763611	-2.102038860321045	-2.67365562915802	-5.613600969314575	-8.036577105522156	-4.418011665344238	-5.336519837379456	4.580386400222778	-6.426740050315857	-1.499433994293213	-7.024385571479797	-7.322801828384399	-.6548317670822144	-8.592277526855469	-3.5725799798965454	-4.933395147323608	-7.596218466758728	-2.100717067718506	-5.2949458360672	.30829882621765137	-2.464156985282898	.9441194534301758	-4.32759153842926	.4131443500518799	1.5964552164077759	-.08459901809692383	-8.472641110420227	4.624427556991577	-8.584669947624207	-2.8781566619873047	-6.5419842004776	-6.300893545150757	-1.7969611883163452	-7.161040782928467	-3.2010260820388794	-7.310939073562622	-7.54273784160614	-6.15969181060791	-3.312437653541565	-8.777657270431519	-3.6309598684310913	-1.5712532997131348	1.2200945615768433	-6.715574502944946	-5.270977854728699	-5.032321929931641	6.108118414878845	-4.500545263290405	-6.666283011436462	7.912302494049072	-3.165333867073059	.9114978313446045	-1.1082571744918823	-8.659132957458496	.31050431728363037	-6.734205961227417	11.430077195167542	1.9859156608581543	-6.969616055488586	-5.20999550819397	.20030701160430908	.7655391693115234	7.7292903661727905
-.6251958608627319	-.8305535316467285	-1.777295708656311	-2.572125196456909	2.166204571723938	-3.854273796081543	-8.83586323261261	-7.99749493598938	-2.0033172369003296	-7.70552396774292	-2.241949677467346	.5784565806388855	-2.9970473051071167	-2.2444539070129395	-.3433777093887329	3.752840757369995	-.9227575063705444	-1.8278312683105469	.9782685041427612	7.714106798171997	-6.365443110466003	-3.5629801750183105	-4.698689103126526	-.3044626712799072	-4.874786734580994	-.21003246307373047	-9.139753460884094	-.11085104942321777	-4.799299120903015	-4.710760593414307	-2.956130623817444	-7.429057359695435	-2.505069136619568	-6.282327651977539	-.07347977161407471	-9.242846250534058	-1.0945137739181519	-4.011037349700928	-2.700663208961487	-7.639497995376587	-6.625128149986267	-4.946084022521973	-5.79849636554718	-7.1535584926605225	-2.8282355070114136	6.306697368621826	-5.048497796058655	-6.610589265823364	-.3277372121810913	-4.508918762207031	-6.321639180183411	-7.470917463302612	-3.3588627576828003	.10670137405395508	-6.647095322608948	4.326614141464233	-3.9869197607040405	-.6846990585327148	-3.680994153022766	-8.979102849960327	-.826043963432312	-5.653017520904541	-8.675166726112366	-.815192461013794	-5.257949233055115	-3.5935420989990234	.05410277843475342	-5.618544340133667	-7.150677561759949	-8.920701503753662	-7.842672944068909	-3.6795637607574463	-2.077349066734314	-6.761815071105957	-6.216934323310852	-5.485921621322632	8.96508800983429	-.5508427619934082	-7.390824913978577	-8.566304445266724	-.6628926992416382	-1.1221351623535156	-3.6259413957595825	-2.8341643810272217	-4.962145686149597	-8.30418348312378	-1.0920835733413696	-8.431469202041626	-1.5136035680770874	-1.0133695602416992	-6.336004376411438	-4.0724523067474365	-7.197027087211609	-4.847715854644775	-3.2501598596572876	-8.887362718582153	-.4097551107406616	-6.180635452270508	-1.5414592027664185	-5.766215085983276
-6.87135648727417	-7.70106565952301	-4.359077215194702	-4.6344975233078	-4.684165954589844	-.31100571155548096	-6.08176064491272	-6.368346571922302	-3.426098346710205	-1.6864029169082642	8.312941789627075	-2.9970473051071167	.8823131918907166	.3314307928085327	-7.651163816452026	10.331067681312561	-.6402497291564941	-7.355050206184387	-1.8514444828033447	-5.1767367124557495	-3.6446571350097656	-1.8197675943374634	-8.243200063705444	9.232596039772034	-9.322656154632568	-7.150978207588196	-6.795058488845825	-6.327042460441589	-2.9758825302124023	-5.1185795068740845	-3.8213508129119873	-5.157776236534119	-5.423550128936768	-1.2678595781326294	-6.450861215591431	.6785050630569458	-1.721200942993164	-8.51324713230133	2.4044229984283447	-3.483603835105896	-7.379455089569092	-5.232061505317688	9.580561399459839	-2.256773829460144	-3.082760810852051	5.141737341880798	-6.307089567184448	-2.0446914434432983	6.091855525970459	2.0237988233566284	-4.332626581192017	.6141911745071411	-6.0439605712890625	-.9143682718276978	-2.228349447250366	-2.7970937490463257	-1.0086417198181152	-5.83914577960968	-5.853511095046997	-.11777961254119873	5.630551338195801	-.34855616092681885	-2.163067579269409	-2.353115439414978	-1.9612202644348145	.43398749828338623	-2.6764280796051025	.9818841218948364	-5.605123519897461	8.265931487083435	-8.446204900741577	-2.9813112020492554	-.32740354537963867	-3.3081685304641724	-1.526963472366333	-4.808497309684753	5.921866416931152	-6.550397515296936	.05602765083312988	.3935142755508423	-7.949965000152588	-8.623231053352356	.8380467891693115	7.633146405220032	-7.896877288818359	-3.183285355567932	-6.053830862045288	-5.809693694114685	9.047071933746338	-.47506725788116455	-5.369483232498169	1.272635579109192	-.9510030746459961	-4.924724221229553	-6.704491376876831	-7.828239798545837	-.7415661811828613	.7662056684494019	-2.9688894748687744	-1.080459475517273
-4.833267331123352	-1.0105335712432861	-1.6722034215927124	-2.6733317375183105	-6.43540632724762	-3.654386281967163	-7.636944651603699	5.500465393066406	.4025334119796753	-4.6251585483551025	-5.881211638450623	-2.2444539070129395	.3314307928085327	1.082115352153778	-.9031943082809448	-.22187376022338867	-3.518211007118225	-6.695909738540649	6.768931031227112	10.035550117492676	-4.139958500862122	-5.920301198959351	-2.393973231315613	.058743953704833984	-2.7819772958755493	11.259321928024292	-8.516785025596619	-3.944650650024414	-2.4021531343460083	-8.333187818527222	-3.0700854063034058	5.816992282867432	-6.4759498834609985	-6.649368524551392	-3.338908553123474	-6.624466896057129	-7.71515953540802	-8.009898900985718	-7.391491770744324	-4.840683460235596	-4.286652207374573	-7.1983482837677	-8.548025488853455	-7.350578308105469	-4.531126141548157	-9.054926633834839	-3.3494032621383667	.535912036895752	-6.181857705116272	-.5702345371246338	-1.02597177028656	-1.6259145736694336	-3.0834513902664185	.520986795425415	-4.466280817985535	-1.2592759132385254	.5894101858139038	-4.353894472122192	.3141666650772095	-.10965538024902344	-8.386783719062805	-4.199150800704956	-8.795835375785828	-8.088551998138428	-8.503121972084045	-.544445276260376	-3.471946120262146	-8.617230415344238	.7629784345626831	-3.038581609725952	.0769721269607544	-3.470470905303955	-8.27097761631012	-4.543254137039185	-.35989606380462646	-7.120319366455078	-1.2113133668899536	-8.726797819137573	-7.964069247245789	-3.5798373222351074	-1.8069301843643188	.8420617580413818	1.643480896949768	-1.746851921081543	-3.6680575609207153	-.8995416164398193	-3.5664204359054565	-3.2477059364318848	-6.485003113746643	-.6023647785186768	-8.499901175498962	-.7810077667236328	-1.746902585029602	5.90119481086731	-7.9087923765182495	.03861856460571289	-4.960469841957092	-.49665093421936035	-4.859378218650818	-2.6632165908813477
-4.73156476020813	-1.6607459783554077	-6.946343898773193	-1.3636099100112915	.7372572422027588	-3.519114375114441	-5.410284042358398	-3.289185643196106	-.51833176612854	-4.322993636131287	-.314821720123291	-.3433777093887329	-7.651163816452026	-.9031943082809448	.9688290953636169	-4.817484498023987	-8.31964373588562	6.329519867897034	-6.395653247833252	-3.71556293964386	-5.880707025527954	8.890788197517395	4.859304428100586	-7.274140954017639	-5.712529897689819	-8.2498859167099	.4116787910461426	4.230048060417175	-7.882373094558716	-1.003024935722351	5.431513786315918	-.3957449197769165	-5.4750754833221436	-6.5545419454574585	-3.225599765777588	-8.604034543037415	-3.3118040561676025	-6.959490656852722	-1.987274169921875	-7.950851082801819	-4.168803930282593	-7.235815405845642	-5.033074855804443	-3.4394904375076294	-3.4961483478546143	-4.958101153373718	-2.263270378112793	-9.364264130592346	-8.636488676071167	-2.3513234853744507	1.2324175834655762	-7.654249310493469	-5.543804407119751	-4.884598612785339	-5.793935775756836	.28296124935150146	6.997846841812134	-1.3649333715438843	-.2172083854675293	6.217509150505066	-1.3444206714630127	-3.5309752225875854	-7.507981300354004	-8.746479630470276	-8.67107081413269	1.8532377481460571	-5.20128870010376	.4853552579879761	-6.568895578384399	-2.5954731702804565	-7.865367889404297	-1.8461414575576782	-7.32976508140564	.026822686195373535	-8.570409297943115	-6.697390675544739	-3.669377565383911	-6.682584643363953	-3.857306480407715	-7.065828919410706	-8.946009397506714	-1.526795744895935	-5.206406116485596	-3.3336583375930786	-8.879265069961548	-7.303051829338074	-3.006258010864258	-1.111596703529358	-7.768827199935913	-.8964847326278687	-3.022365093231201	.41737258434295654	-4.21320652961731	-.8738669157028198	-3.365933418273926	-3.3457494974136353	-3.3284919261932373	-1.5773614645004272	-2.9626221656799316	-5.759727597236633
.7267485857009888	-1.4187641143798828	-.22370636463165283	5.619647741317749	-9.269173979759216	-5.463755130767822	-9.080217003822327	-.5846831798553467	-3.715032458305359	-7.219820976257324	-8.111150860786438	3.752840757369995	10.331067681312561	-.22187376022338867	-4.817484498023987	.36801213026046753	-6.300954699516296	-9.15934419631958	-4.968852639198303	-7.722340822219849	10.20566999912262	-2.8160324096679688	-5.666714787483215	-1.449070692062378	-6.271355509757996	4.128071308135986	-1.3738008737564087	-4.6540491580963135	-5.486791968345642	-6.425055503845215	-1.6075669527053833	-5.717525243759155	-.21297824382781982	6.151174068450928	-4.199922204017639	-9.279513597488403	-4.958581328392029	-2.385793685913086	-.26597893238067627	-.08354449272155762	-2.187346339225769	-9.241403102874756	-8.672802567481995	-.32041382789611816	2.9631534814834595	-4.177739143371582	-4.008161664009094	-1.471933126449585	-6.537233233451843	8.392722606658936	-6.049277901649475	-2.654679536819458	-6.329985976219177	-9.186634063720703	-.7315760850906372	-2.4637458324432373	-4.8866623640060425	-7.910315990447998	.38256585597991943	3.683509588241577	-2.227648138999939	8.29552936553955	-2.864933133125305	-.29628729820251465	-6.140907168388367	-9.520636081695557	-2.696607232093811	-6.496276140213013	-7.900731444358826	-.9294910430908203	-8.368193745613098	-7.863112211227417	-9.486491084098816	-1.2146048545837402	-7.6373831033706665	-2.5407164096832275	-3.3013843297958374	-8.966187477111816	-1.7325688600540161	-.7140252590179443	-2.39118754863739	-5.174839496612549	-6.821597695350647	10.047259092330933	-2.163005232810974	-4.8253021240234375	-7.980519413948059	-3.0550811290740967	-6.604019999504089	-6.990207195281982	-5.662336945533752	-6.391529321670532	-4.000242590904236	-2.4238271713256836	-2.665756344795227	-1.748584508895874	-9.155261874198914	-7.655825138092041	-2.603936791419983	-9.672511339187622
-7.094964027404785	-6.2039395570755005	8.74457049369812	10.204990029335022	-3.272489070892334	-6.914007782936096	-5.7098939418792725	-3.610310435295105	-6.12010383605957	-.7437812089920044	-.11020493507385254	-.9227575063705444	-.6402497291564941	-3.518211007118225	-8.31964373588562	-6.300954699516296	.08530944585800171	-2.4342857599258423	-1.1014792919158936	-2.322241187095642	-8.657860279083252	-1.6431132555007935	-3.605753183364868	4.654993176460266	-7.49183464050293	-6.586598038673401	-2.161731481552124	9.685717225074768	-.9270129203796387	.49661242961883545	-4.802495241165161	-3.5009430646896362	-4.001358985900879	-1.4075199365615845	-5.3755786418914795	-4.935627341270447	-.9891648292541504	-5.682173848152161	-8.511718988418579	-2.2524908781051636	-1.6198005676269531	3.826581358909607	-4.09360671043396	-8.032954573631287	-5.796464443206787	-6.783964276313782	-5.224635362625122	-1.649454951286316	-2.8149328231811523	-3.5669113397598267	-7.697651624679565	-7.6091941595077515	-8.082310199737549	6.680498957633972	-.96370530128479	-7.397889971733093	-7.335779190063477	-3.6768652200698853	-7.600799322128296	-6.823525786399841	-5.3613505363464355	-2.705776333808899	-6.282639741897583	.1398993730545044	-2.212613105773926	-.9983974695205688	-5.247385740280151	-3.991379141807556	-8.929483890533447	-7.266032338142395	-7.266399621963501	-5.054641604423523	-4.7569580078125	-3.4328752756118774	-1.1129968166351318	-1.584433913230896	-6.863858699798584	-2.229761242866516	-6.531195878982544	-1.6563175916671753	-.5615873336791992	-6.287915825843811	-5.704468488693237	-8.23061978816986	-1.0228734016418457	.2672947645187378	-7.224489450454712	-6.996183276176453	.49947547912597656	-8.27738630771637	-2.5598866939544678	-4.714116454124451	-9.046176433563232	-6.816856503486633	-3.024991273880005	-1.061543345451355	-6.729043006896973	-3.5214039087295532	-8.248587369918823	-1.9753535985946655
-8.099429726600647	-7.518120527267456	-6.16616427898407	.759953498840332	-7.7354737520217896	-4.999161958694458	-4.380508780479431	-3.913081645965576	-.34623396396636963	8.696050882339478	-1.22081458568573	-1.8278312683105469	-7.355050206184387	-6.695909738540649	6.329519867897034	-9.15934419631958	-2.4342857599258423	.7843219637870789	-2.423559069633484	-4.616572856903076	-8.66913378238678	-8.437795877456665	-1.3259958028793335	9.193699836730957	-8.874415516853333	.5293943881988525	-9.156113505363464	-.529451847076416	-5.5412527322769165	.32699084281921387	-8.165743231773376	-5.525651931762695	-.42635929584503174	-8.027794599533081	-1.4211691617965698	-6.294290065765381	.4772228002548218	-.8868906497955322	-7.771878600120544	4.061728477478027	-9.278626561164856	-.06511664390563965	-6.3193119764328	-7.507767200469971	-1.315855622291565	-2.4339325428009033	-4.385612845420837	-5.843963623046875	-1.6489907503128052	-2.0151889324188232	-6.982377886772156	-5.9228129386901855	-7.403886437416077	-8.5748770236969	-7.779406905174255	-4.698782920837402	-1.0364753007888794	-7.716878652572632	-8.573452830314636	-8.448606967926025	-9.051518082618713	-.4767162799835205	7.743028283119202	3.3849658966064453	-8.221353650093079	-5.415302991867065	-6.286872744560242	-7.15057897567749	-1.304648995399475	-4.212692499160767	-7.653268218040466	-1.361271858215332	-4.265149235725403	-6.761829137802124	-4.348223567008972	-8.25040864944458	4.009572386741638	-8.762297868728638	-.3345073461532593	8.637699127197266	-8.510635495185852	-.8140742778778076	-7.014341235160828	-4.126025676727295	-8.717252373695374	-.011274576187133789	2.8018499612808228	-7.699175834655762	-4.581835865974426	9.964094400405884	-1.573311686515808	.6883902549743652	-.8747717142105103	1.2483851909637451	-5.67290723323822	-4.109201431274414	-1.3840237855911255	-2.29744029045105	-8.344470858573914	-8.4975905418396
-6.050833463668823	-7.384769320487976	-8.25256633758545	-1.2074300050735474	-1.2050278186798096	-1.6474651098251343	-6.208541393280029	4.807515501976013	-.7191312313079834	-3.291951060295105	-3.406627655029297	.9782685041427612	-1.8514444828033447	6.768931031227112	-6.395653247833252	-4.968852639198303	-1.1014792919158936	-2.423559069633484	.31540292501449585	-7.447241425514221	-1.0199706554412842	-4.917107939720154	.6417479515075684	-2.0481473207473755	-1.4900686740875244	-6.891613841056824	4.04949951171875	-1.005231499671936	-5.709319829940796	-8.19440495967865	-6.90829610824585	-5.354992985725403	-2.8563129901885986	-8.355144381523132	-3.9697980880737305	-7.393696427345276	-8.845965147018433	-6.772635817527771	-7.156368732452393	-4.521122097969055	-2.548271417617798	-.8085736036300659	.7586765289306641	-6.584315896034241	-.5070550441741943	-5.381292700767517	-3.7186808586120605	-7.7213393449783325	-6.158717393875122	-5.0595186948776245	-4.271912574768066	-4.705019593238831	-6.550987958908081	-2.656117796897888	-5.7426934242248535	-8.786699414253235	-6.561674356460571	.6781531572341919	-3.599651336669922	-3.0399872064590454	-7.617412328720093	-4.139103293418884	-6.9071173667907715	-6.204506993293762	-3.9124157428741455	-6.215675234794617	-1.7938756942749023	-8.029648423194885	-8.12722659111023	-.27849137783050537	-6.4219136238098145	-4.1183167695999146	-8.647464990615845	-1.7673710584640503	-2.455171585083008	9.72931706905365	-9.282579183578491	-4.4287742376327515	-.028293132781982422	.6720665693283081	.515404462814331	.5904484987258911	.7846250534057617	-6.51602041721344	-6.066868543624878	-6.850694060325623	-3.9987168312072754	-7.289411664009094	.5771691799163818	-5.9810837507247925	-8.737571716308594	-5.674840569496155	-9.24474310874939	-2.7112430334091187	-5.136895656585693	-6.115056157112122	-6.742444276809692	-3.727084994316101	-.7160978317260742	-6.812573075294495
-2.8045848608016968	-1.1724791526794434	-2.291187882423401	-7.856525182723999	-4.635681986808777	9.684110641479492	10.87760055065155	-3.3896219730377197	-3.4447911977767944	-3.4679818153381348	-4.681501030921936	7.714106798171997	-5.1767367124557495	10.035550117492676	-3.71556293964386	-7.722340822219849	-2.322241187095642	-4.616572856903076	-7.447241425514221	1.994405448436737	-2.66982638835907	-1.4360432624816895	-.7487083673477173	-7.589909791946411	6.35348379611969	1.0340309143066406	-3.4920798540115356	3.0343048572540283	.6510783433914185	-7.7382426261901855	-5.952561020851135	-3.0232203006744385	-7.705631613731384	-6.032526969909668	1.3816889524459839	-6.8087499141693115	-3.3815630674362183	8.002374172210693	-.2606922388076782	-4.472064256668091	-3.9967111349105835	8.254766464233398	-2.4030200242996216	-4.610209226608276	-4.84489905834198	1.0563149452209473	-7.289312958717346	-.11124634742736816	1.8874717950820923	3.08829402923584	-7.353042721748352	-6.498002767562866	10.402671933174133	2.787837505340576	-6.185884118080139	-3.7718212604522705	-2.927106261253357	10.254188537597656	-8.006465077400208	-3.756310224533081	-8.278498530387878	-2.34505033493042	-.6291166543960571	-3.941093683242798	-8.595718741416931	-2.8676671981811523	1.067376971244812	-2.825561285018921	-5.309308886528015	-4.790590763092041	.1710284948348999	-4.76261830329895	-5.55488908290863	-2.303640365600586	6.2678974866867065	-4.302435636520386	-1.8919075727462769	-7.903275966644287	.47334039211273193	-3.0361998081207275	-2.5223907232284546	-1.4863481521606445	-6.036739468574524	-4.939862966537476	-3.0096930265426636	-1.9438481330871582	-5.994641900062561	-4.21789288520813	-2.497247099876404	-7.254657745361328	-2.5096198320388794	-3.6470229625701904	.5726863145828247	-2.0792994499206543	-6.036629319190979	-6.420002222061157	-3.759731650352478	-1.8536863327026367	-2.84507954120636	.5106546878814697
3.7166991233825684	-.414706826210022	.5324146747589111	-2.443200945854187	-1.7093305587768555	-6.466114163398743	-4.5102760791778564	-6.147570013999939	-3.022979259490967	-2.843037247657776	-1.2261083126068115	-6.365443110466003	-3.6446571350097656	-4.139958500862122	-5.880707025527954	10.20566999912262	-8.657860279083252	-8.66913378238678	-1.0199706554412842	-2.66982638835907	.8577484488487244	-6.494153618812561	-8.98959231376648	-8.084459662437439	6.3935065269470215	.9532612562179565	-3.4859697818756104	3.739019513130188	-1.5294342041015625	-3.698605179786682	-4.9040467739105225	-5.765237212181091	-1.5378317832946777	-5.682541012763977	-2.560107469558716	-3.346619486808777	4.125271797180176	-7.600474953651428	-1.5536391735076904	-8.358032584190369	-7.238243579864502	-7.517226338386536	-7.236082315444946	-.0996474027633667	-3.500326156616211	-8.5542551279068	-3.1795804500579834	.337349534034729	-6.925502300262451	-.9834119081497192	9.354269742965698	-8.272993922233582	-.8896265029907227	-.8206878900527954	10.445668458938599	-9.135145545005798	-4.098631381988525	.08003509044647217	-7.952137231826782	-4.775838732719421	-9.30727767944336	-5.5667654275894165	-4.981603384017944	-.8878225088119507	-9.537904262542725	-2.5720025300979614	-4.349639177322388	-1.6736115217208862	-3.799178123474121	-8.865729928016663	.7036430835723877	-4.689236044883728	-4.304844379425049	-.59089195728302	-4.063822031021118	-5.187991976737976	-6.192476272583008	.3029264211654663	-8.864803075790405	-2.9641908407211304	-7.742225170135498	-3.0342503786087036	-1.3515217304229736	-7.696909785270691	-2.0955705642700195	-3.94653856754303	-.5844027996063232	-6.793741583824158	-3.4740700721740723	-2.365944981575012	-3.500824213027954	-3.7345446348190308	-2.8981094360351562	-2.406117081642151	-1.8838670253753662	.08480703830718994	-.4056525230407715	-6.456092953681946	-.8310654163360596	-7.991326212882996
