1.2598	5.4439	-4.7992	-0.69066	-5.1756	7.2563	3.7343	2.9707	-1.2553	-7.7882	5.5731	-5.6317	9.0872	6.0374	8.9193	9.6894	-7.2399	3.9818	-3.8549	5.7831	-6.955	-7.5287	2.0739	-8.4329	5.6273	10.266	7.7615	7.9336	-6.8715	-1.8822	-4.2226	6.1556	6.1363	-5.0776	3.9858	-9.2066	-1.2629	-2.62	4.8275	-2.8995	8.546	8.1496	-4.8998	0.92992	6.2389	-5.4948	-6.7592	11.141	-0.41628	2.4922	5.1057	-3.4957	-3.029	3.584	-2.7472	0.10973	-5.5541	7.8378	3.722	4.2713	7.239	-1.4488	9.3174	-6.066	-0.20244	-2.5821	6.3876	4.5797	-3.6828	3.1849	-2.8924	3.634	-0.22752	0.80768	-8.7403	1.3719	-8.5512	1.1073	-8.485	8.3242	2.9732	-9.074	4.2143	-3.8161	-7.1542	-3.2159	0.64984	-0.78761	-8.529	-0.96431	-5.1539	3.1456	6.6888	3.5251	-4.1587	5.6005	5.8059	-3.2569	7.4686	-6.0192	-5.8728	-2.5166	4.6373	8.8839	-3.0132	-6.0016	1.114	-7.9933	10.279	9.6561	9.8043	7.552	5.4911	5.0957	0.53333	-0.86549	6.2318	6.8841	6.3277	-5.8124	-6.7348	-1.3275	6.1963	-0.1309	-1.9595	10.852	-0.58838	6.4677	9.724	-1.2896	1.2913	-5.6909	6.7298	7.088	-6.5211	-3.8374	-3.2486	4.5344	-2.2744	8.1469	7.2928	-2.0357	1.1712	3.1367	-6.3001	-0.18632	-2.8747	0.66864	-8.3085	9.6966	11.349	-1.6521	4.3908	2.5608	1.835	7.7542	4.8566	3.3445	-5.9092	0.84804	-3.8858	9.1322	4.9182	0.87716	8.6873	5.8113	6.6951	2.7826	-7.3712	-3.7719	6.1571	3.105	-1.948	-1.1558	-7.3217	10.391	2.1622	8.8925	1.0527	6.0988	3.7875	-1.9661	7.7757	-0.99426	8.4106	5.513	-2.1752	4.1134	-7.3005	-4.185	-5.0586	5.0541	-0.46091	10.821	-8.5883	7.9975	-5.4376	-1.5342	-8.6517	11.056
5.4439	0.2353	-1.0539	-6.3404	2.114	2.6197	6.2197	-2.8782	-2.0982	-5.2192	5.5144	-2.8466	4.3745	8.3169	7.376	8.5351	3.2841	-0.42949	1.5207	-8.2901	-2.2442	1.0616	5.1153	-5.8107	8.3189	2.6445	6.5596	10.459	7.4386	-8.8367	0.76673	-9.6136	-9.4536	6.6091	2.9448	2.1249	-8.4277	1.7754	-2.122	9.5219	2.9752	10.415	9.7083	2.0243	5.275	-4.1051	9.2159	7.0849	1.083	-4.6449	9.6012	7.0685	-1.3663	-3.6374	-0.23439	3.6585	-1.184	0.068137	-8.9069	-7.2375	6.7041	5.8631	0.73132	-2.0806	-8.4108	-3.4649	8.3727	-1.7951	7.5105	-3.0753	-1.4641	-0.3618	-7.7135	-6.9187	-1.653	6.0881	7.0461	-8.0804	2.8209	-3.3209	8.2603	-8.6244	-4.3579	-3.3019	4.2729	4.0634	10.447	-0.99986	-9.668	-8.5692	-1.3973	2.9149	4.1215	-4.5841	-8.5077	4.653	7.7917	3.6032	0.29227	-4.7878	-3.5088	0.8802	-7.7443	3.7833	0.398	6.5931	8.493	-4.3428	-4.7496	10.204	4.2535	3.6303	-2.6214	-6.5556	6.706	4.9112	10.236	-1.0233	1.2209	5.5269	-0.57034	-8.4551	4.1508	6.229	6.2532	-2.3659	7.1122	-4.1001	4.7163	3.6259	2.7661	-1.5408	-6.9231	0.45433	5.1001	5.2698	-6.1277	7.7627	3.2089	-3.9558	-5.5498	-1.4407	-3.4238	2.2509	-4.9998	-3.6259	-4.1447	7.0203	1.085	6.9148	9.1509	-3.4488	0.67132	6.223	1.8001	-3.9829	6.6618	5.3305	-8.3466	5.9724	6.9256	2.4157	-7.1434	3.2584	-8.1699	-0.54039	0.13141	-8.5899	-3.7281	10.402	-2.4429	0.56164	0.20818	9.7993	-3.1484	-2.1466	5.6878	3.9771	0.15263	-1.6622	-8.6172	-9.3097	6.2993	-0.61448	7.6195	10.278	-2.3871	9.5919	-9.0903	-6.6827	0.17854	-8.8169	-1.0179	-7.215	-6.3737	-6.0776	7.3133	2.7086	-5.5877	4.5166
-4.7992	-1.0539	0.63033	3.1171	9.3061	-1.69	-4.1691	-3.4533	-0.60817	-0.21212	6.3607	-5.5954	1.7908	2.2575	-7.4688	6.8621	-1.9793	1.2019	-2.426	7.2529	8.4724	-4.2183	9.6719	3.479	-1.5591	-0.0080975	-4.26	-2.083	2.6567	-7.6827	6.7071	-4.1756	-3.6827	-8.1105	1.297	8.2456	0.61806	-1.8575	-4.6903	9.4186	2.7838	8.9697	-8.5976	6.6809	-4.4004	-0.62053	6.3712	2.8759	-8.5572	5.6517	6.932	-6.7409	-4.1866	-8.0061	3.002	9.9043	4.3658	3.6979	-5.5194	-3.3899	-5.5601	1.7955	4.5312	-7.6943	-4.9074	-1.785	6.3618	-1.0425	7.6287	-5.5625	-4.4933	2.9754	-5.3678	0.65306	-2.3924	-3.8812	-0.50214	-4.583	3.695	2.9029	-1.5379	5.806	0.96915	-8.495	-2.8657	1.0748	4.0815	-4.8291	-4.4716	6.8117	2.9161	1.121	-6.4062	-3.4045	4.8704	10.956	3.2464	-2.8486	-5.363	-1.4345	6.9006	10.007	10.484	3.5299	9.4997	8.6503	2.0389	9.0308	9.0479	4.1825	10.565	-6.7445	-8.359	-2.5225	-3.252	-3.6968	-2.0023	7.8368	-3.0269	4.5914	8.4914	-5.8544	-3.8911	-3.2377	-3.3193	-5.4703	1.7873	7.0891	-3.6589	-5.4889	10.185	2.382	-7.0038	1.6646	6.3055	4.3944	-6.0512	9.7741	-2.2412	10.73	8.8123	3.4886	10.044	-1.7536	-2.4579	-4.5214	-2.6689	-7.0339	2.9661	-1.9076	8.7392	-8.5219	7.8172	-8.4877	-1.8785	6.8465	7.2632	-1.5893	-0.65574	5.0163	-1.0608	-3.8934	0.068701	5.7195	10.478	3.2218	-3.9677	2.8815	-8.4581	-2.1632	9.8298	4.5273	-5.6464	6.1477	9.1948	3.1879	10.728	-6.3782	-0.21918	6.8062	6.602	-5.3458	-8.5576	-6.8564	-2.9318	3.7242	5.0165	8.686	0.90387	3.051	2.6039	-8.9497	5.6032	-5.2495	-2.6498	2.8904	-6.0914	9.4913	-3.2727	1.3036
-0.69066	-6.3404	3.1171	1.5971	7.5891	-1.7249	5.483	6.9814	9.9126	-1.6639	2.7575	3.9057	-3.5463	-2.3788	7.1083	-8.0566	5.2926	-4.324	-6.6706	3.4905	3.3826	5.7237	1.1661	5.5116	-7.4189	-4.1784	9.096	9.4458	-5.8188	-1.4828	9.6106	9.6129	9.943	-2.9955	2.996	6.1201	-2.3758	4.7801	-3.3854	-7.7322	1.0121	-6.2003	4.6864	-5.5441	-0.5455	-6.8657	5.5698	-5.4095	1.891	-6.8737	-2.4567	-3.0107	10.384	2.0458	2.0865	2.789	-2.849	9.2469	10.661	4.8503	-3.9061	-0.17598	-2.0063	11.165	-7.1679	9.768	-1.1458	2.7623	-4.7671	4.6224	0.33946	5.1142	-7.5569	-1.3602	-0.34616	-0.95721	-5.5804	4.4379	9.3902	8.1257	-6.0385	-6.8438	8.3114	-0.39706	3.2408	8.1115	-7.3686	-4.2174	-1.1663	8.9549	3.7966	2.9476	7.2521	-6.6724	0.76705	-8.2384	-3.0254	2.0174	9.7978	5.1754	6.978	10.615	10.72	1.8332	-1.2319	6.6688	4.7224	-6.0212	6.9116	5.3446	4.632	-1.1383	4.0667	-8.4219	-7.3038	-4.3562	-2.4852	-1.2667	6.8633	9.8051	4.1917	-0.24193	-6.4359	9.0503	-5.7816	6.8404	1.993	-3.2849	-2.0669	9.5651	-0.11058	8.6721	7.4217	9.5692	-6.1811	-4.2627	-3.4503	4.6993	-7.0455	-5.4236	-8.5071	-6.3332	-5.6423	11.111	-1.231	3.2047	3.7602	10.424	-2.2311	9.7238	1.8447	-1.8311	-2.2126	-2.531	4.0264	-3.5291	10.555	-6.8249	5.7341	0.33803	10.27	-1.7764	-3.8085	8.5647	11.127	-4.7012	2.6986	-5.8611	-0.64971	-3.4563	-0.58734	4.1481	-6.2739	-7.783	-4.3702	0.18569	-7.3689	-8.1517	8.5659	-0.74281	-1.4346	3.8955	9.6382	-1.8136	3.1835	-3.0999	1.2461	-7.4781	1.8254	7.144	-2.9472	8.9429	-1.4523	10.805	1.7665	9.1658	-7.3446	2.6157	4.4214	9.3506
-5.1756	2.114	9.3061	7.5891	0.60507	-8.1424	6.8323	9.9984	-1.7958	-2.7053	-4.0613	1.8265	0.93875	9.8198	2.3093	9.3115	-4.3487	5.4627	7.8477	-2.4163	-7.3456	6.4311	1.9084	-1.1579	9.665	2.2665	-4.9216	-7.7399	6.3356	-0.49907	4.4585	2.3921	5.2854	-2.1874	7.4444	-7.9206	-2.3682	-0.31732	1.0077	-0.14303	3.0213	8.5512	-8.5222	9.8591	9.1611	-2.5266	-8.1775	4.226	-4.1499	-6.7238	7.4296	10.01	-1.4896	3.2139	9.3882	-6.4178	-4.7818	8.1253	-8.7304	5.5375	-1.7646	7.0889	-7.591	4.1023	4.0406	-7.4201	4.6863	-6.9602	3.8606	9.1264	-5.1924	-6.9432	2.7012	-7.5347	-7.9133	-7.2905	-1.121	-0.80121	3.7258	-4.19	6.0523	-3.0495	-4.403	2.3326	9.7526	-1.9783	-6.4762	9.8199	-7.5846	-6.452	1.0619	2.289	8.9121	5.1548	1.7808	10.638	8.5805	0.11432	9.0448	10.552	-6.2432	-6.9986	2.2946	5.9104	-8.1937	-7.1503	4.828	-3.3097	5.655	8.8084	-5.9183	10.376	-1.1795	-7.7019	-0.5876	8.8635	-8.0565	-4.3331	-1.6223	-7.1324	7.8192	-6.6529	9.5178	7.8272	-5.0719	-8.4887	-3.3635	7.3123	-5.5324	-3.7717	-5.4174	-0.070144	1.8831	8.1199	9.531	1.7304	-3.1007	6.5168	2.7641	7.1139	4.0516	-5.8851	-4.0472	2.2363	-9.283	4.1316	1.9382	4.9155	-0.3543	-8.038	1.0123	6.0379	5.992	-6.6647	0.69971	5.4645	9.8459	8.9708	1.0386	8.437	-3.7357	-3.2656	8.3621	6.4845	2.8018	8.2946	-0.42055	-2.1708	-8.4574	7.2791	0.95749	-2.7071	9.6314	-2.0694	-3.5985	6.7036	-3.6955	-3.7366	10.237	5.8009	7.4216	9.7195	3.4902	6.6432	0.49636	8.3249	10.67	-7.4866	-0.77183	2.3458	10.05	10.325	-1.4669	-5.5549	3.4457	4.5289	1.0755	-1.662	-0.49758	-3.4808
7.2563	2.6197	-1.69	-1.7249	-8.1424	1.319	11.45	0.26956	6.0953	-5.9872	-3.3226	5.669	-0.33444	9.3743	10.668	-5.4867	7.7285	-3.9676	-8.8925	6.4643	3.8779	8.2259	8.1304	3.252	4.1119	2.5276	8.1054	-1.4188	1.3643	-2.4992	-1.0855	-3.4626	6.5356	-0.14495	-6.2654	-5.5067	-5.9757	4.1026	0.31872	10.515	1.7583	10.715	0.77734	3.2682	10.726	4.7781	-1.1404	4.4242	9.0076	10.151	-4.2654	5.5667	-4.6936	6.1183	3.2726	2.5978	5.9798	0.55069	0.82614	0.64399	6.571	-5.4422	8.5117	-2.5373	1.8399	-2.354	-6.0096	1.3485	6.2943	-3.6253	4.7497	2.5393	-6.7784	-6.488	-4.1154	-5.8773	4.2196	7.6913	5.3784	-0.55799	1.2277	3.5675	4.8847	-6.9973	-6.9414	-4.5268	1.008	-8.1213	10.429	1.5752	-6.9145	4.6184	-8.508	5.5302	5.4677	1.6512	-6.1337	1.6416	-2.6996	3.1934	3.1694	6.5155	-1.1947	-7.345	5.0478	6.2169	9.0616	-5.4549	5.7087	-8.0738	6.2873	5.8793	6.9511	2.095	-4.3798	3.0847	-7.303	1.103	5.3993	6.4071	4.0227	10.414	9.9459	-4.183	-7.3101	-1.7693	-6.1549	4.4153	8.1774	-2.3457	7.7271	5.3406	9.2119	-8.6626	-1.4522	-5.8256	3.7992	-4.3579	-6.629	9.8479	9.756	-4.7047	-5.3511	-1.9515	2.7405	0.54593	-8.9963	11.125	8.7842	8.8202	-6.4913	-0.50435	11.323	2.8786	5.4698	-2.4479	-6.2728	5.4717	-2.2936	0.067692	9.3357	1.4965	2.3329	3.1025	8.9843	-5.347	-2.9601	4.4101	3.0384	-4.4001	-6.1248	3.3436	-8.0762	0.61129	7.5256	1.2621	-6.8417	2.7327	8.0976	2.4366	5.8826	1.4373	7.399	8.4567	-4.1083	3.7825	-4.2801	-2.8636	10.166	-7.9343	2.1141	-5.0793	1.9037	5.9809	-5.8195	0.79165	-2.9507	1.2748	-8.6561	5.6746
3.7343	6.2197	-4.1691	5.483	6.8323	11.45	1.6649	-2.0553	0.97191	7.4994	1.3802	-4.0716	3.1098	-1.138	-9.0019	3.2726	4.6597	0.28823	0.77254	9.7171	-3.8313	4.8451	6.5424	-5.43	8.088	-4.5664	7.8792	-3.3856	5.3044	4.4449	3.368	-7.4862	-1.8283	-0.083117	-5.6113	9.7191	8.0415	5.1899	4.3976	3.8744	-2.7053	-2.9366	-1.2918	8.7236	8.873	-5.548	-8.2271	-1.4839	10.31	-7.458	-7.0362	4.9139	-2.7391	-0.55283	9.8542	1.3969	0.53752	-0.63457	-5	8.17	-2.3642	-2.7651	9.2206	-4.4314	-7.2314	3.8901	-1.6195	-8.0345	-2.6029	-5.2815	-4.33	5.1767	-0.73838	-1.1837	-0.61264	3.3678	1.9131	8.6451	8.219	-7.5396	-3.2559	10.188	-7.9783	7.038	-0.47947	-3.3946	-6.897	-8.2473	-4.5876	-7.6075	4.0031	0.23098	-5.4748	-4.9659	-0.22408	-4.5196	3.9314	0.1617	-2.2298	-2.2046	-3.7986	-6.7905	-6.0892	8.164	1.435	-3.4294	10.48	-3.8264	-2.2075	5.2536	-3.6009	11.418	6.5258	-0.96172	-4.9912	0.40182	8.5102	-8.8677	0.35124	0.94969	-0.72501	-0.67271	-0.048969	-1.8902	2.5352	5.6551	9.0963	7.5616	7.2226	-5.4559	-3.3797	2.5213	-0.98298	-2.5246	5.1822	-3.8512	0.3775	7.139	-4.9512	-7.5464	1.0737	2.0902	-0.62449	9.7008	6.2172	-6.0942	4.9876	0.3179	8.7923	8.8403	-1.3385	-7.6995	6.6879	-4.0177	6.9063	5.119	5.2284	1.9104	1.2444	-3.8753	-2.7952	2.8499	-8.0066	1.4557	0.40632	11.329	-7.453	-3.5562	9.6515	4.3338	8.1562	5.5202	-2.6806	-8.0327	-5.7892	2.6221	10.381	-1.3971	9.0206	-7.9013	4.9294	2.542	10.096	3.1177	1.2136	-2.83	10.931	8.5711	8.1671	-1.3875	-8.7174	-2.5178	-1.5597	-2.1085	-3.048	-1.0889	-5.0681	9.5819	3.0675	11.361
2.9707	-2.8782	-3.4533	6.9814	9.9984	0.26956	-2.0553	0.96445	-6.1543	2.9355	-4.0492	0.8152	9.7287	9.4885	4.3919	5.3029	3.93	-1.2386	9.3959	-0.95284	-8.0034	-1.1788	1.8015	6.3562	-0.62024	7.5689	6.1803	1.0129	5.9663	-7.6044	-3.8827	4.6808	7.11	-3.6607	7.9925	9.8109	9.1624	7.7402	0.26213	-2.9527	-0.49551	-1.6021	-6.7602	-4.8663	-3.9221	2.227	-3.6223	3.3199	1.4158	9.4136	4.048	-1.7326	6.1747	3.0717	-1.1758	-1.5435	6.1652	2.3991	8.262	9.0919	3.8836	7.334	-1.8191	5.5091	-1.4572	-6.289	9.4452	1.0808	6.6039	-8.0828	0.24552	8.623	0.80731	6.0492	-6.1202	1.3014	-0.29614	3.5684	-5.9653	10.038	-0.31372	-4.5421	-4.4331	4.415	-8.4797	9.8784	5.7839	4.0857	5.376	-3.6753	2.226	-2.3237	6.359	-2.7183	-5.0529	3.1943	-3.4585	3.381	6.2958	5.9341	-6.5058	5.0567	7.1972	1.8837	-7.6833	9.702	-5.0665	-4.3693	6.1692	-2.6746	-6.5743	1.7684	1.3039	2.7068	1.0149	-8.1978	-6.4041	-5.9463	6.7431	8.5562	-6.4254	4.1579	3.1349	2.0786	9.9549	0.051143	10.478	-6.9511	6.6687	-8.8382	2.6069	-0.31656	-5.6043	-6.029	7.1796	0.14205	0.59507	-3.8312	9.4632	-6.5659	0.036418	1.3104	-2.3869	2.8249	2.8312	5.9727	-6.5453	5.7418	-3.036	1.4102	8.7644	5.1804	-4.6766	-8.2887	-4.9489	5.6113	-1.766	8.4549	-1.1625	9.3854	-6.5132	-7.134	-4.5591	-2.3587	3.871	2.4728	3.2553	0.71041	9.205	9.262	-7.4685	8.0241	-3.132	8.336	3.6593	8.5196	8.8307	9.0683	-0.051398	-8.454	6.187	-5.2397	-6.0899	-8.729	-5.8149	-6.2025	4.0371	5.5868	-3.2413	-2.6946	5.0866	-1.4836	-8.4417	-8.6939	-2.1396	-5.8799	6.4824	5.3744	-7.5133	-4.0987
-1.2553	-2.0982	-0.60817	9.9126	-1.7958	6.0953	0.97191	-6.1543	0.82946	-6.5599	3.7915	10.187	-4.8683	10.037	-6.6462	-4.4993	-5.3747	-5.3509	-2.6671	3.1401	-7.3259	-3.4845	-9.1354	9.8351	0.27628	7.2089	5.3171	4.2902	-4.6344	10.292	3.5725	5.5912	-6.1575	7.4757	3.8077	6.1106	-4.8943	8.2711	-1.2244	-1.0855	-7.9172	8.1499	5.5867	7.6686	10.762	7.1986	-7.0097	-0.95563	-5.7753	4.2753	-2.8447	9.6254	6.1729	3.6658	-5.0479	10.314	7.9645	8.2397	0.73319	1.2359	10.143	-5.8928	-0.385	-4.8507	2.4671	5.7745	-5.7412	5.3486	4.446	-5.1989	7.1519	7.0716	-5.6335	-1.0451	-1.6107	8.406	-1.1737	1.8696	-9.0456	-2.305	4.7651	3.1999	1.5007	-5.5558	5.9954	2.2785	1.6329	-9.2726	-1.7658	2.2721	-4.3122	0.093097	4.6339	1.8374	-6.9836	-2.0294	-2.1861	0.27792	-2.2359	-0.42369	-1.6086	-0.80035	5.1527	3.3201	-2.9871	-0.33233	-0.73835	8.7112	4.8858	-2.1377	-6.6914	7.7651	-1.1911	-2.7648	7.4316	1.909	7.7042	7.1661	-5.0306	-3.6113	7.648	4.1183	5.2435	6.1745	5.4022	-8.7043	7.8391	9.3676	-4.5547	-3.2016	-1.6139	4.1063	1.5042	-1.7206	-1.1594	-9.0277	6.5847	-2.8994	1.2663	3.8968	-6.4966	2.9893	3.1155	-6.4329	2.9186	1.194	8.0104	7.3323	5.8617	4.1411	2.0242	0.60998	0.7683	9.5911	-6.5372	2.7924	-3.9903	-4.7055	-1.8543	3.6527	-0.076085	11.148	3.1873	-5.749	8.347	-4.1472	-8.722	7.3408	-3.3558	-4.9337	9.4658	7.2753	10.242	0.063023	7.4375	10.414	1.6567	-1.1115	10.3	-3.9735	-4.9696	-3.984	-5.1402	0.70386	1.1577	-6.4972	6.4082	7.2596	2.0191	8.6464	8.9987	7.1386	5.8122	6.1406	-4.7698	-5.677	-6.5178	6.7323	-0.47265	4.7382
-7.7882	-5.2192	-0.21212	-1.6639	-2.7053	-5.9872	7.4994	2.9355	-6.5599	1.6739	-7.2786	-1.5189	0.40458	4.9583	-0.97143	4.6916	11.069	4.7174	0.2847	6.2207	7.3058	1.8332	0.84441	10.267	-8.1689	0.84735	6.2947	11.004	9.2975	3.2917	8.7364	-2.0129	-2.6755	3.8446	10.565	-0.94374	2.0292	-0.012867	-6.2476	-2.2531	8.0584	0.15934	9.6277	3.1933	-1.8809	2.4165	6.1589	-7.4642	7.0103	8.5855	3.7338	-2.1732	-4.8461	0.92074	8.4414	10.437	5.6264	5.2608	8.8531	-4.0384	5.6895	5.6843	9.304	-2.373	6.8219	-0.3334	6.6741	-5.8037	5.2502	-3.2644	-7.3305	1.3764	10.98	-2.3718	-8.3962	2.7234	7.3292	3.9466	-4.3206	-2.9505	-7.0453	-1.6855	5.7684	-0.67106	8.3883	-1.9668	2.6942	2.1043	-8.9342	-0.76184	-4.9874	4.3928	10.858	-1.445	1.293	-7.9075	-7.896	-1.7443	-0.10019	5.8887	2.1387	7.9152	5.2736	-5.3403	3.3278	-8.4328	-4.2877	3.3839	-6.4026	3.3609	3.6526	4.5451	1.465	9.7168	-6.549	-4.9604	2.5715	7.9831	-2.3347	10.582	-5.2882	-2.408	-0.16435	1.6106	1.3666	9.7161	-1.2341	6.6963	8.7332	-4.5756	4.3048	9.4457	7.2571	0.33843	-2.3728	0.90936	1.663	-1.211	5.0155	0.48721	-8.5138	8.4721	-6.8592	9.3352	9.1038	7.605	9.844	0.2712	2.2658	-3.4172	0.41711	-0.8183	1.1268	6.1348	7.3848	0.92761	0.77662	1.9803	-4.2148	-4.2493	1.2721	-3.0149	6.9514	0.18005	5.168	-2.1822	2.7928	-2.5622	-0.45155	-6.894	4.5761	-2.6541	-3.4419	-7.9075	-8.7933	-3.2679	10.433	5.7914	-7.9901	0.33633	2.0339	-3.355	3.0122	5.2167	3.8733	-0.32088	3.7225	9.6562	-5.349	0.16004	7.4133	-4.4316	4.2831	-4.2495	-9.0977	-7.5959	10.434	5.1659	7.833	-3.4424
5.5731	5.5144	6.3607	2.7575	-4.0613	-3.3226	1.3802	-4.0492	3.7915	-7.2786	1.1671	1.4554	-1.2346	0.15383	9.4614	2.2323	9.5233	2.1197	-8.1016	0.11248	9.3759	-7.8276	8.2946	-2.9397	-4.8192	3.3689	-7.8721	-0.48499	3.2312	3.2569	0.88954	-3.2036	10.287	0.030255	-0.13426	-5.9884	9.1058	2.1857	1.419	9.461	-1.5249	6.679	4.7691	-5.4553	2.7427	-2.419	3.2745	-3.8315	-4.1518	0.2341	10.214	3.6504	-5.1459	7.9085	-7.9334	-6.8732	6.9773	4.9582	-4.7052	2.4586	11.12	11.478	9.6243	-5.3624	7.9025	-1.5422	-5.1745	-4.3072	10.191	6.4421	2.9954	-3.9035	2.1327	-5.3169	6.3381	1.6706	-1.3156	0.79868	2.4465	10.993	-2.3547	-9.072	-4.9165	6.303	-3.8128	3.3882	-4.5369	-5.0905	5.8866	-7.1697	0.031586	-1.905	8.2552	1.8954	2.7491	1.5232	-3.2284	-3.6287	4.8707	-6.8549	5.4127	6.8484	-8.7725	6.6046	0.68427	5.8762	-1.9918	9.1457	-7.8471	3.6194	-6.9601	3.0179	-2.523	10.014	-6.4301	2.3829	8.9378	3.4242	2.5466	7.721	8.4711	-8.2025	11.401	1.7368	1.198	-7.6777	4.3266	2.7658	-7.5433	9.583	-5.9361	-8.3192	9.333	0.21709	2.178	-5.7023	0.69241	7.0708	-7.1582	2.2823	-2.2892	3.8556	8.1172	6.5561	-8.0941	-7.6953	8.7355	-2.7974	-2.3316	3.8287	10.38	4.8738	9.2935	-2.3275	-6.5355	6.6964	-6.4885	5.571	-1.5807	-7.3222	-0.47991	-6.0944	9.4675	6.6125	-3.4855	0.36068	8.9092	-3.5116	-4.2804	2.0793	-4.0984	4.3931	10.921	-5.6801	-5.2592	-3.08	5.4945	-8.3876	-2.3572	6.0745	-3.0585	7.4145	1.0246	3.6805	1.9161	-4.7323	2.2858	10.286	10.758	-3.5461	0.089552	-2.4283	2.5244	-7.8484	4.1441	-7.7473	-8.4802	-7.9083	-1.5164	-4.5109
-5.6317	-2.8466	-5.5954	3.9057	1.8265	5.669	-4.0716	0.8152	10.187	-1.5189	1.4554	0.40091	10.114	-5.0897	-7.117	-8.9837	5.4404	0.33412	6.4756	9.2148	2.645	2.7998	-7.7205	2.1548	2.0226	1.3019	-7.7901	-2.7871	-6.6961	-0.67444	2.1956	-5.3534	-3.3139	1.0022	-4.0397	0.50039	8.3648	-9.234	4.304	4.0122	10.565	-8.4898	-5.116	7.5197	1.071	3.2432	-0.50365	8.8661	-2.7391	7.2449	9.857	-1.6931	9.6344	2.7229	-9.117	2.916	8.8459	9.9689	7.474	1.4919	7.2355	5.0147	7.7931	-2.0362	8.8599	-5.2113	0.048476	-0.7017	0.023904	5.7719	-5.2256	6.9051	-1.6884	-6.8455	2.6127	-2.4565	-7.8823	10.492	9.5936	0.72897	-7.3214	-0.13981	-2.0824	-0.36127	-9.3963	-4.4853	-2.764	2.5185	0.90705	8.0436	-7.5671	1.5887	8.5378	6.0256	-4.0942	3.4505	0.41212	1.186	-2.6529	6.9922	-6.0558	10.053	10.026	-3.2045	9.0776	-8.8873	8.5674	-8.9585	-1.1838	0.46811	9.2373	2.9176	-5.7441	3.9926	7.7199	-2.4772	-8.8844	-4.0124	5.4011	-3.7251	4.7685	10.338	2.1491	-7.184	3.7732	10.171	0.59605	6.4192	-3.0948	-3.9934	1.9187	-1.1054	4.6882	0.42091	-3.8799	-3.0041	9.425	-7.8026	5.8108	-6.6739	-4.271	0.98511	-8.5102	9.7444	8.5554	4.4546	2.3264	7.2717	-4.2676	9.9542	-7.5594	-2.5025	-5.0073	-7.3339	10.685	-1.5139	6.5041	10.263	-4.0735	1.1822	-7.0982	5.0631	-9.1743	10.318	-3.1815	10.689	-3.8797	4.8189	-7.0834	10.221	-0.59481	-2.2901	-1.5812	-5.1449	-6.5862	6.5218	10.14	-4.9413	8.7996	4.1978	-0.98323	10.227	-9.5828	-6.501	5.1421	-0.16112	-5.8964	-4.0884	2.2932	1.1139	6.9596	-5.9478	2.9642	1.168	-2.8693	-4.4251	-5.1025	-4.3305	-2.9112	2.577
9.0872	4.3745	1.7908	-3.5463	0.93875	-0.33444	3.1098	9.7287	-4.8683	0.40458	-1.2346	10.114	0.41371	4.1805	9.6471	-4.3977	0.48923	-8.9165	7.2146	9.0359	8.6181	-6.3072	-9.0491	-0.25713	2.0573	6.8625	4.2555	-2.791	-1.7284	2.4371	7.0417	-3.6987	7.6929	-4.5927	-0.48242	0.17353	9.251	-6.4333	1.4675	7.673	0.40498	5.6679	-7.967	-6.7533	-3.3255	0.078762	6.9947	9.3474	-4.3291	-1.0615	-5.4471	-6.6602	0.6289	-5.186	-1.3911	1.9073	7.4371	-6.1435	5.5468	-4.0424	6.17	10.457	7.5141	-5.9704	-8.8814	-7.5964	9.2033	0.19886	1.3221	-0.46365	10.133	5.4847	9.599	2.9049	-7.5704	8.7558	2.0784	4.4238	-3.8925	4.1369	0.23109	-2.9707	9.8516	1.9147	-2.5991	8.3352	-7.7022	-0.055711	3.836	4.7895	-0.18581	2.5554	2.2202	-6.6698	-1.2171	-9.0415	-0.29616	-3.458	-4.6193	1.1514	6.4356	-5.6879	1.8607	7.3252	-2.4066	0.98698	4.3334	-0.22969	3.9155	-8.972	3.0479	-3.7166	6.7321	-8.8316	10.173	-0.9269	4.4966	-0.93125	-3.9201	-0.83366	7.8164	4.4739	-7.8799	2.3147	-7.0153	-1.1312	4.9106	-7.5993	-0.9887	3.635	2.1123	-1.6562	9.1542	-5.2934	-7.2871	6.5069	-9.0495	6.7268	0.80712	-8.3974	-3.2519	7.7041	0.8785	0.09934	-8.2634	-3.8316	8.5805	10.127	6.4786	-7.1728	-2.9823	2.8859	3.9409	8.7223	-3.4728	8.5482	2.0261	-0.11454	-0.040386	2.6685	-6.3966	-0.50493	6.4606	7.0883	-5.9598	-5.4678	-4.2479	10.342	-6.7671	3.9369	6.9131	-2.4346	-3.8611	7.2644	-3.3383	0.8972	-0.19299	-4.1583	-7.8644	10.39	-2.0907	2.4231	7.1738	-1.5844	-4.2281	2.3471	-0.90222	-1.4317	4.9069	-8.8074	8.9926	8.0745	-1.9573	-3.0653	-8.5118	1.6977	-4.3439	8.6014	8.0408	-8.8556
6.0374	8.3169	2.2575	-2.3788	9.8198	9.3743	-1.138	9.4885	10.037	4.9583	0.15383	-5.0897	4.1805	0.19565	9.0191	-2.8683	-0.84368	-6.01	-4.4045	-5.1974	4.1824	3.8223	5.4061	-4.555	-6.4628	-6.2585	-5.4932	4.9511	4.842	-0.50192	0.46701	9.5941	-6.3151	4.9892	6.1511	-1.066	-0.84821	-8.0854	8.9995	-6.7756	-6.1419	-2.0667	10.81	-6.6815	3.4798	5.3191	5.0203	-6.9247	0.78458	5.1176	2.4858	6.2659	9.1631	-6.1978	-5.2353	0.97978	9.6604	-3.5699	-9.103	4.531	-7.4928	-8.7014	-9.3133	6.8646	-2.8492	5.1019	-8.5175	8.4625	2.7866	1.5867	0.45935	1.7502	-2.6106	0.70849	-7.6005	2.0027	7.2444	8.2883	4.9741	4.7509	-1.0213	-3.8314	9.5241	6.6877	6.0926	-4.1305	-7.6586	7.0746	-6.0098	-7.2549	2.4508	6.6475	5.5117	7.6397	-6.1097	8.0233	-7.0362	-7.9557	5.4932	-6.3943	6.6513	-0.24765	-2.8313	8.9922	6.9084	4.0164	-2.3165	0.87969	-5.3705	-6.7956	4.9431	-1.5292	-3.6987	2.9555	-6.2272	0.38054	0.53325	4.8367	2.199	-0.95796	-6.9109	7.4991	4.2306	6.6132	0.41813	-3.6661	4.1403	8.3826	-3.3134	1.6287	2.2456	9.6762	-4.6914	3.2242	-4.81	8.2631	8.9777	4.6696	9.7248	5.2621	10.198	-2.1203	7.9897	-1.4523	-0.68515	0.29066	-1.7056	-7.3431	7.0477	6.5163	1.3998	-9.8055	1.5194	-3.4954	0.29902	-2.2596	0.78887	10.194	5.4992	2.2552	-7.1185	9.6678	8.8021	-8.0135	3.3208	5.8147	-2.4141	6.8753	-2.8403	6.4805	3.586	-1.5377	-0.48834	-4.8732	-8.8235	0.29408	2.5818	1.9867	0.15152	8.8292	0.19833	-6.2792	-7.9937	7.8445	-7.1561	-5.426	6.7185	-2.6582	2.1865	4.0312	-6.9705	5.9534	-3.889	-1.0261	-1.7746	-5.151	5.2505	-7.6637	-8.5812	7.1413
8.9193	7.376	-7.4688	7.1083	2.3093	10.668	-9.0019	4.3919	-6.6462	-0.97143	9.4614	-7.117	9.6471	9.0191	0.3266	6.3741	4.5069	6.0968	-3.5885	6.3259	0.087201	-1.6447	8.9236	-9.0344	-6.3147	-7.5439	2.8913	-4.3616	-5.7496	-7.6472	5.9622	-6.4294	-3.8012	7.6456	8.5787	-1.2245	-5.0554	3.2375	3.2595	-6.5403	6.9313	7.4905	4.3807	7.9295	-0.83702	-9.1184	-4.5428	-7.003	3.2354	10.16	4.9235	-3.1135	8.8674	5.0009	-0.58443	9.6406	-9.0678	1.1658	10.552	-1.9734	0.98849	-4.8451	-1.7862	8.9423	-2.6882	9.3654	-2.6713	-2.6768	-4.5743	0.74706	0.14963	-2.4524	7.1331	9.9587	-5.9631	-5.6563	0.047271	11.024	6.7398	10.196	-0.3765	1.4896	-2.8228	-3.7506	-4.31	6.0776	-3.2805	3.7195	7.4794	10.846	6.9693	2.795	9.1596	4.8414	-7.957	3.046	1.8657	5.2586	8.3517	-8.6707	-7.7694	-0.90598	0.88302	-4.8045	4.4164	0.30339	0.98168	-9.2054	0.64592	-4.5424	-3.3688	4.2824	-3.7662	-4.1009	0.23512	-1.273	-3.8823	-3.6021	-5.102	-1.4853	9.8894	6.3083	7.2068	-4.7436	5.3264	9.2246	1.5123	1.194	5.4231	1.1376	-4.2898	-3.8935	9.9216	-4.9091	1.5222	9.716	-4.6563	5.3371	-1.7225	-7.4054	5.5214	-8.0061	8.1941	-0.4301	9.6288	8.2007	-2.8403	9.6318	-5.2872	-8.2256	11.013	-2.6613	-7.2753	3.3662	-4.6734	8.7232	-6.9487	1.1171	0.68431	-2.3009	-7.4537	-7.1851	-3.5334	-3.0329	-6.9386	-7.4499	-4.8704	8.4216	-6.5224	-1.1278	0.9869	-6.9438	10.236	3.4457	8.4908	1.3706	4.3709	-7.7931	-4.9865	4.2764	6.0379	-4.9804	7.1284	-2.4961	-0.45227	6.8317	7.3912	10.508	-2.1032	-4.6687	4.6214	-1.1265	7.798	3.1031	-6.3166	8.2238	6.2124	-3.7157	-1.2323	3.6247
9.6894	8.5351	6.8621	-8.0566	9.3115	-5.4867	3.2726	5.3029	-4.4993	4.6916	2.2323	-8.9837	-4.3977	-2.8683	6.3741	0.65968	-5.7928	-3.7819	-4.5342	-1.7159	8.5198	4.9482	-8.6316	5.2254	-4.3646	3.8994	6.9493	-3.4837	6.3781	-6.0995	-8.2691	-7.7421	-2.9607	1.4266	8.0309	3.3386	-5.092	8.2557	0.24285	-1.1599	-1.6972	-0.37529	-5.3821	5.9436	-3.8973	2.8859	-3.4542	2.3362	1.7785	1.6628	6.3362	-6.8828	6.924	-7.4931	2.5	5.2042	8.2875	8.0535	-1.4695	-7.7606	9.3027	-8.3218	6.1847	-2.0042	10.12	-7.3468	2.2644	-5.7162	8.1381	-5.1967	0.89763	-7.6433	7.0348	5.6623	-8.68	-6.1822	6.2985	6.1292	3.1555	-1.974	3.2594	-9.3755	7.1983	-6.9975	9.6207	0.74663	6.6936	-3.1633	-3.51	-0.57229	5.1191	-3.4072	-0.089611	2.5903	8.466	8.7157	2.8917	4.3032	5.0208	6.9374	3.942	8.4384	-8.3543	5.6834	-0.90162	5.8263	-8.4394	7.9786	2.4587	9.913	-5.3759	-3.146	1.2125	-1.0841	-4.8854	2.2525	-7.8276	4.4801	8.0117	5.4356	6.8053	2.8347	-8.2226	4.8891	-5.2363	-5.5509	-7.3625	-0.27003	10.917	-7.8109	0.3626	-3.388	-3.1179	-4.0267	8.5495	-7.8674	-8.944	6.9293	-1.5977	-6.2615	9.1457	2.0499	4.0141	3.1327	-7.7998	1.3493	-6.8524	6.1799	-0.85851	9.5197	-6.4832	-5.6867	3.7958	4.0868	-7.4319	-9.5592	7.4251	10.067	2.7617	-4.6488	-1.2421	2.1233	-4.6476	-1.3799	-8.4791	-8.7793	-5.3285	9.0169	6.4701	-7.2162	6.9076	4.4101	1.9221	5.3523	-1.612	2.1746	-9.2149	-8.2626	-1.6402	0.096918	-4.9094	-1.3221	5.2714	0.7823	-8.9758	7.9967	-6.4464	0.56042	-6.5429	4.257	3.9009	-8.1082	-9.0227	-3.0817	-6.9474	7.2743	2.4209	8.9929	-2.9257	-1.3513
-7.2399	3.2841	-1.9793	5.2926	-4.3487	7.7285	4.6597	3.93	-5.3747	11.069	9.5233	5.4404	0.48923	-0.84368	4.5069	-5.7928	1.3971	11.083	-1.6738	-6.2929	6.1736	-5.3881	5.0515	-7.979	-0.066661	2.5835	6.2036	3.8666	-1.4077	-3.6271	-0.023129	1.142	8.3635	-4.4977	-0.13925	9.0324	8.958	7.2965	-6.0792	3.4162	-6.3839	5.0394	4.5799	10.772	8.6388	6.6299	5.8998	10.583	-2.5812	8.7387	9.362	2.2456	-6.0283	-6.5361	7.1493	-0.52522	-0.032279	1.4879	8.9268	5.2092	6.2624	6.733	-4.8767	5.019	2.928	-8.4816	3.7127	-4.9889	9.7851	5.2156	-7.5052	3.2359	-4.5665	-6.5945	6.8771	10.593	-3.2168	7.5338	-4.8446	-1.7602	1.0866	-4.932	-0.70424	-1.5073	-7.5314	3.1533	-3.7847	6.2386	6.9586	2.7687	5.5635	-2.1615	-1.9782	10.384	2.0037	-8.4659	-1.4103	3.1141	-5.0061	-4.6455	-0.40771	10.378	5.0684	0.5219	1.9886	1.0542	11.619	-0.6418	-2.7017	-0.8656	3.1761	-3.3088	-7.3672	-4.1168	-4.81	-3.2393	-2.7734	-1.5075	-3.6879	7.6249	7.4686	-8.7615	1.1764	7.0668	10.433	5.1374	4.6805	-4.0001	10.911	6.1018	7.7668	-4.6248	-7.0581	9.5973	-2.2959	-1.4133	9.844	-5.2018	1.8684	2.3783	-5.2536	-0.75571	3.0245	10.25	8.6199	-4.0033	10.107	2.3622	-7.1916	-4.7058	-5.4979	6.9463	-3.9399	-7.2902	9.8278	-3.7932	-2.9413	3.8066	7.2161	-7.271	4.4546	6.2942	9.0939	0.38565	4.3965	6.6849	3.4642	4.7429	2.5622	8.4499	2.6875	2.9662	-5.3098	0.67597	1.763	4.2273	-6.3895	9.221	1.1097	10.61	-6.2235	6.3708	2.848	-8.4847	-3.7043	-8.0049	7.5803	-7.4292	3.4612	-8.7961	4.6731	-1.9664	-6.2172	-3.4964	2.0376	-5.3017	8.5186	-3.5464	-0.58869	11.303
3.9818	-0.42949	1.2019	-4.324	5.4627	-3.9676	0.28823	-1.2386	-5.3509	4.7174	2.1197	0.33412	-8.9165	-6.01	6.0968	-3.7819	11.083	1.6981	5.0919	6.8002	10.362	-3.0233	10.629	8.6686	3.6593	4.599	2.9421	11.222	1.6259	5.7393	-3.6815	8.7024	-0.93091	4.7636	5.3417	3.6384	9.2935	-1.1596	-5.8292	-5.7474	-5.8666	-3.9027	-3.6773	4.3667	-6.5166	-5.723	-8.0473	5.8085	9.3298	4.8939	-6.3638	-4.6821	-0.71773	9.89	-0.35032	8.9531	-6.3955	-5.2088	0.75199	6.997	-3.2541	3.3639	3.4657	7.3633	7.3726	2.7707	-3.1416	-6.4974	8.8988	2.227	4.8238	-4.1906	8.5179	-7.8426	-6.1372	-7.4728	6.734	3.8515	8.3653	-2.8443	-0.60712	-0.37955	-8.609	-0.64332	-5.7866	-3.5469	-4.0492	-3.6397	5.8188	0.17243	-7.2121	-8.1289	1.2678	7.0915	-7.3407	-3.5252	2.0858	-0.83018	6.1169	5.5441	-7.2035	-4.3302	9.7887	-7.3551	2.9527	0.3128	4.1602	-2.557	7.6677	-3.0647	3.8556	7.1098	-7.3531	1.6453	-4.5812	-6.7711	0.71834	1.4787	3.5952	-3.7976	-3.1353	5.5551	-5.8876	11.157	-8.246	-5.2654	-2.0382	1.3496	8.7712	-0.22645	7.1796	5.0753	-4.4508	-4.0187	-4.8718	8.0718	4.0002	7.3759	0.27744	-5.5733	0.84706	11.341	-8.5141	9.9833	5.6543	5.781	8.782	-7.7528	-6.6405	0.77913	-0.35462	-8.2078	11.305	-3.2483	8.788	8.1667	1.7671	-0.89431	3.4357	6.3	-8.0087	10.394	7.1089	7.4087	1.7194	-3.0262	-6.0954	9.4025	5.2231	7.1592	-2.723	-3.2092	-8.1655	9.8807	8.3189	1.0888	2.9776	5.8401	-1.4568	1.7239	6.6993	7.167	6.1638	0.44193	-7.299	8.5748	2.8772	0.21311	6.8696	5.0173	-5.8566	-2.3613	6.3085	-6.1552	8.9675	-3.1431	5.8696	-6.5399	3.1806	8.9495
-3.8549	1.5207	-2.426	-6.6706	7.8477	-8.8925	0.77254	9.3959	-2.6671	0.2847	-8.1016	6.4756	7.2146	-4.4045	-3.5885	-4.5342	-1.6738	5.0919	0.548	-9.0831	-6.3986	-9.3882	-0.44168	-6.3695	7.279	-1.8644	5.6148	-1.0105	7.2938	-2.7293	5.2227	5.3765	6.9682	0.27365	5.2307	-3.0391	5.6226	-0.2964	9.5637	1.1057	-1.3933	-3.4212	-0.99577	-1.7266	-3.169	-0.96742	-1.5269	4.4324	0.7973	6.4699	2.8114	-2.0369	4.1309	-3.7765	10.061	4.0646	10.611	-3.2902	8.2471	-0.33989	5.703	-7.9142	8.6571	-3.1959	-3.4118	7.4048	2.6245	10.588	2.6967	7.273	-6.1914	0.54633	-5.2626	5.0053	5.9761	-8.4362	4.2302	2.282	-1.7177	1.2806	-4.4637	9.305	-3.9473	-9.0009	-7.6097	-1.5463	2.0637	7.09	-7.069	-1.5583	-5.6759	9.8986	5.2328	5.9727	8.3567	-5.8489	9.3367	-9.1031	-3.0212	6.8609	5.782	7.8672	-3.4158	0.73457	7.6372	3.4957	4.924	-7.9216	-8.9688	-7.9905	1.3879	2.2046	0.18492	7.4071	-5.2143	4.3373	-6.0578	2.1151	-0.37189	-1.9808	-9.1988	-1.8562	8.9085	-4.9826	-7.5543	-3.2562	-1.6161	2.7301	10.776	-3.4377	-7.6439	1.0924	9.4411	-1.7011	3.9531	4.9829	3.8685	-1.1374	8.9105	5.1296	-8.2034	6.0274	0.85239	1.5167	-8.6943	5.5889	-7.9272	3.2902	-6.6509	-6.9798	9.8171	0.16469	-1.2158	1.6287	-3.9372	8.3291	0.90421	7.2118	2.8012	6.8535	-4.531	10.213	-4.1812	8.5949	-1.7636	-7.6195	-1.0222	10.604	-3.0062	-5.0815	-7.0019	-5.97	2.0889	-2.8516	3.7382	-5.4705	3.4612	7.6627	4.9767	3.1704	5.1734	-6.0186	-5.307	-9.161	10.442	-6.2913	1.8493	-2.8538	-3.8292	2.189	6.6712	-7.1661	-2.0223	-5.337	-9.5706	3.6809	-3.2695	-5.0755	-1.2793	9.9096
5.7831	-8.2901	7.2529	3.4905	-2.4163	6.4643	9.7171	-0.95284	3.1401	6.2207	0.11248	9.2148	9.0359	-5.1974	6.3259	-1.7159	-6.2929	6.8002	-9.0831	0.69315	-8.1701	-3.8577	-6.8188	-5.3237	-4.2334	10.983	-5.5862	-3.1602	-7.7974	9.6133	6.7661	-2.6348	-5.2273	-7.8986	2.3994	3.2346	3.1101	-1.1807	10.551	-5.3766	2.8768	-1.4024	7.3162	-5.1935	-4.7044	-2.6177	2.928	2.5649	-8.8188	2.3907	-2.46	-0.90837	-5.5288	8.7681	4.5069	-7.602	9.2574	2.7435	7.1657	2.2199	1.3173	6.2863	2.117	3.4242	8.1453	2.2624	-3.9934	3.9148	9.4835	-6.9097	7.8063	6.0391	6.3537	9.8976	6.5951	7.4939	10.588	-7.8229	6.8412	-1.268	-3.1399	-2.0569	-0.81786	-6.1317	9.2174	7.3875	-8.2929	-7.9141	6.111	-2.9635	7.7374	-3.4572	5.9277	-8.5939	8.1081	4.7776	9.0212	8.1592	0.94932	6.6161	-3.7568	-0.23874	7.9671	-2.4225	-9.0254	-9.3634	2.2252	6.7805	9.657	2.825	-1.5743	-1.6502	6.8237	8.1375	0.69098	-1.6778	1.6311	-3.1869	-1.1557	9.0527	2.8899	8.6746	-8.8086	-4.8789	2.5962	-7.2148	-1.1982	-3.2621	-7.037	-4.3956	-8.7101	6.6508	-2.0484	-4.3554	7.0963	2.5509	-6.6979	-2.3729	-2.7312	-2.0213	7.0655	7.1384	-9.2558	5.7308	7.6345	7.7865	-4.871	7.7659	-3.7252	-7.1427	2.981	-3.3891	4.1565	-6.5295	1.5903	-8.7327	-5.1148	3.236	8.2607	-6.3823	-5.4667	0.41041	4.091	9.3315	-0.82882	4.5528	-1.7438	8.2718	-3.1014	4.6815	-3.2115	4.401	8.3758	7.9298	-9.1409	-3.8125	-6.1451	10.703	-0.44124	7.5118	7.711	8.3327	6.1797	2.0728	-6.5265	-3.7634	4.9964	2.2939	8.3574	7.5711	1.5472	-8.2706	-1.7055	-4.6102	-7.585	-1.0292	4.4645	-8.7015	8.5093	7.0528
-6.955	-2.2442	8.4724	3.3826	-7.3456	3.8779	-3.8313	-8.0034	-7.3259	7.3058	9.3759	2.645	8.6181	4.1824	0.087201	8.5198	6.1736	10.362	-6.3986	-8.1701	0.44006	-3.7256	5.9736	6.8058	1.9557	-2.5136	0.55055	-7.3	5.6484	0.70289	-7.2757	6.2262	-9.1805	-8.7729	0.51539	5.8507	9.2114	-2.8348	1.5208	-4.2667	-8.9044	7.5821	-7.3054	-4.3665	4.8044	1.1583	7.6297	-6.6835	-9.2384	10.345	-7.661	-8.5404	5.0143	-1.9769	8.5365	2.0586	-3.7362	10.655	10.419	1.3339	-2.6032	2.9441	7.9452	3.1366	5.5171	2.9915	-6.3785	6.855	2.4763	-9.0503	-5.2213	8.8208	-6.0946	8.1809	-8.6447	3.2153	-1.2541	-3.088	-8.8215	-0.52436	-8.7188	0.3918	-9.2543	-6.799	-2.3323	6.5467	-3.4949	7.559	0.96588	2.137	2.6376	2.1919	-3.3279	-5.5866	3.3375	-6.3773	4.7494	-3.727	2.5944	-6.8384	-1.8413	7.9155	0.47361	10.312	4.8905	-6.0002	0.89827	-9.3224	-1.5044	-0.70004	1.93	-2.6332	3.1168	0.8615	-6.4497	7.9009	10.02	6.6577	3.942	8.6194	2.6245	6.7458	-7.7298	10.586	10.037	2.9232	-7.0363	-7.003	4.0788	-3.116	-8.5036	10.083	10.821	4.8749	4.6681	3.5198	10.613	-8.1485	-5.6139	-6.6673	8.6159	-3.8653	-7.0534	-8.6977	2.8307	-3.433	-6.1846	0.87178	6.633	-5.8314	7.9096	8.5524	-4.1978	10.293	3.3789	9.8302	1.0532	1.286	10.886	5.5719	8.0679	0.63716	-2.6099	-7.0685	5.0259	5.6404	-9.5755	-4.2437	4.6365	-4.4517	-3.1187	-5.5069	-5.3308	10.229	1.2908	-3.4052	-5.0144	1.3209	8.6034	7.4262	2.0701	1.8919	0.47053	4.6705	4.0615	-2.4074	2.0261	-2.7645	-4.7159	4.3144	2.1678	-2.34	1.2791	0.34489	-6.662	6.0198	-4.6642	-4.9754	-5.1945	-0.66596
-7.5287	1.0616	-4.2183	5.7237	6.4311	8.2259	4.8451	-1.1788	-3.4845	1.8332	-7.8276	2.7998	-6.3072	3.8223	-1.6447	4.9482	-5.3881	-3.0233	-9.3882	-3.8577	-3.7256	0.2253	1.3833	-0.49049	-5.365	10.325	0.51296	6.7131	1.4425	9.0577	-5.1287	-9.843	-9.7492	-9.0281	2.0101	6.5889	-0.16633	-0.044863	-5.9425	-6.5502	2.4938	-4.1462	7.4989	8.7804	-6.4053	3.1295	0.45848	-6.3727	-4.4085	5.0151	8.4803	-1.0511	1.5625	0.17159	7.8097	0.022329	-7.7598	5.8436	2.1741	1.3491	7.5427	2.516	-3.9349	0.061774	-3.3951	-0.92951	-8.4812	-6.1702	-1.6902	-8.5589	10.398	-7.7339	0.31946	-8.2288	2.1715	7.8332	8.6068	-1.931	9.1989	-6.7504	-0.51363	4.3645	7.5083	-7.6044	6.1458	4.3653	-1.9207	-8.2798	3.6769	5.6132	-5.3761	-0.85319	-5.3927	-8.8602	5.8678	4.4797	-9.0688	-5.3763	-4.6683	-2.6896	2.6408	2.0458	-2.3876	10.424	9.7579	-1.1538	6.164	7.7039	2.8645	-4.4198	-6.4204	5.5413	-1.8654	0.074661	9.3718	9.7383	-6.1347	6.084	-3.7453	-0.084353	5.5077	4.4468	-7.0753	5.4186	9.1988	2.7417	-1.6581	-1.2766	-1.2079	-6.556	7.5113	2.3433	-2.6106	-1.4184	1.7641	1.2351	-2.6284	3.8915	2.5388	3.705	-9.0697	3.4758	6.6628	4.815	8.0988	6.9582	-2.8668	6.2895	-0.7165	1.1401	-0.60163	7.9211	-7.705	-1.8432	1.1391	3.477	4.8796	0.13405	-2.4501	-2.8948	-5.2498	-8.6562	5.1201	-5.759	7.1179	4.861	-4.0847	-7.9872	-3.2769	10.719	-3.6415	-0.85114	-1.6332	4.5681	5.5112	-3.6169	3.9414	8.8275	-2.145	-2.6382	-3.037	-7.654	9.5728	3.0492	-2.3986	1.5558	-4.6704	10.635	-2.7878	8.1294	-1.4457	5.9378	-6.6321	-8.8642	-8.7793	-2.6841	6.3889	-4.3034	-2.8714	5.0693
2.0739	5.1153	9.6719	1.1661	1.9084	8.1304	6.5424	1.8015	-9.1354	0.84441	8.2946	-7.7205	-9.0491	5.4061	8.9236	-8.6316	5.0515	10.629	-0.44168	-6.8188	5.9736	1.3833	0.013153	2.4633	-6.0389	4.1144	10.143	-1.2071	4.5204	4.4716	6.1133	-9.8701	-9.2108	-5.9957	6.7367	-7.9498	7.2441	4.1778	8.5944	8.3228	9.391	-0.083385	0.12486	-9.1834	3.2965	-1.7395	-1.0945	1.9062	-0.38103	2.5205	-2.5666	-8.6217	7.1397	-1.0645	6.4069	0.83802	-0.20558	-0.17147	-8.493	8.6151	8.2043	-1.7374	6.6779	3.1701	9.7074	3.1972	0.90915	1.0007	8.8897	8.1448	-9.4838	8.0479	6.6167	10.327	6.9221	-9.3976	9.5641	10.329	-8.0615	-7.2893	-7.7502	-7.739	8.5469	7.0815	-6.4356	-2.5927	-7.8199	-3.5084	-8.197	8.3878	-1.4968	2.6927	-9.8037	-9.1872	-4.3049	6.8172	8.9415	-1.5615	-5.7705	7.2847	-6.2659	4.8243	3.1564	3.2081	7.7989	-9.5117	7.883	2.2999	2.4211	8.564	0.45548	-7.7215	1.9778	6.9562	-2.6603	-2.2256	10.469	-3.0024	5.7028	4.7365	-3.4505	-5.3952	6.1943	-3.6619	7.0588	9.9347	-2.7726	-3.6163	-5.946	-4.4593	0.76032	6.2147	-3.6603	-8.9713	2.5772	7.1158	-0.49988	-2.7861	-3.93	-8.7785	-3.5701	0.77656	-2.4812	4.9219	5.3654	-8.5815	6.8742	-1.2304	2.4163	3.5191	-5.9625	-1.1149	8.5962	4.2921	8.6427	2.8639	2.3545	-1.559	5.3374	6.1822	-0.39259	0.31616	7.5641	3.1032	1.269	10.57	1.8414	7.0836	-4.7171	-5.6841	6.5455	-9.3203	7.153	9.7796	0.19105	5.9536	-3.0248	9.4603	-5.7871	-4.6205	3.9684	-0.21569	9.2467	-3.7499	-8.4943	2.262	-8.089	9.5826	1.6458	-8.856	-4.9125	2.5251	-9.8358	-4.4225	7.7033	-7.7373	-6.9154	8.2622	-1.9887	5.4239
-8.4329	-5.8107	3.479	5.5116	-1.1579	3.252	-5.43	6.3562	9.8351	10.267	-2.9397	2.1548	-0.25713	-4.555	-9.0344	5.2254	-7.979	8.6686	-6.3695	-5.3237	6.8058	-0.49049	2.4633	0.46544	0.34083	-3.0034	6.0729	-3.1254	9.0728	1.4346	3.2042	-9.2505	1.6782	6.6496	2.5275	1.1841	1.3838	2.857	-0.62585	10.698	2.4455	-6.2686	0.9327	-0.090943	9.6799	5.0623	-6.4696	9.9427	-7.5047	8.9109	8.4145	-0.66452	8.423	10.266	5.0334	8.4424	10.149	10.201	7.8177	-5.6567	-2.9562	0.52823	-0.53793	4.2486	5.196	-1.0422	7.7058	-6.5939	7.9416	-2.2482	7.6144	6.5068	4.8958	-7.1183	9.3609	8.5914	-8.5154	3.684	-6.4931	-7.5437	0.97572	-6.9833	1.784	-0.43985	1.0098	-9.0844	8.3749	-8.57	-1.368	-1.2496	-2.3051	-1.4326	5.8228	-9.1188	-3.3274	10.855	-8.4703	-0.18569	4.532	-4.5384	10.198	7.859	9.0729	10.251	3.8026	-5.7164	4.4526	1.6853	-7.6213	0.97127	-8.5328	6.233	9.0533	4.5771	-4.6674	-2.7254	-3.4234	5.1837	-8.034	-0.49115	-7.647	7.4577	10.767	4.8593	1.9725	0.30589	-1.1017	5.8802	6.2418	5.0317	7.0687	-7.3369	2.7158	9.9912	-0.1879	5.2427	5.7285	-5.2507	9.2704	4.5034	-3.0754	-5.2634	0.47389	5.5854	-6.7094	8.4046	2.1229	-2.2088	9.6859	8.883	2.869	5.9915	-4.1256	2.1351	1.0961	-3.4684	-0.9447	-8.3851	0.20166	3.6377	3.8949	10.422	2.3783	0.32307	10.057	-2.0393	2.8946	8.7944	-5.7641	-1.9084	8.8767	10.358	0.68489	7.7924	-2.4105	5.826	-1.75	8.3117	9.2175	-3.5773	4.9001	-5.1741	3.1466	8.1905	2.7585	7.5953	-5.2548	0.89678	-7.3663	9.6207	-4.3549	0.43957	9.0513	8.799	3.5233	2.754	-3.2151	6.5801	5.3829	-6.7812
5.6273	8.3189	-1.5591	-7.4189	9.665	4.1119	8.088	-0.62024	0.27628	-8.1689	-4.8192	2.0226	2.0573	-6.4628	-6.3147	-4.3646	-0.066661	3.6593	7.279	-4.2334	1.9557	-5.365	-6.0389	0.34083	0.88657	-5.2582	9.4365	-0.21996	5.9648	7.992	-3.9627	6.7066	-7.6133	8.9162	0.22322	-0.76165	-2.4873	7.6516	10.372	1.0663	-0.1042	0.29467	-0.77968	-3.5188	-8.8507	-2.4431	-8.8589	2.7794	9.9784	-1.0787	7.9288	-2.8303	5.7113	-0.70128	-7.9213	-8.8211	5.3307	-7.8162	3.5684	5.5587	-4.9955	-5.6884	3.1393	-6.3085	10.118	10.814	9.0776	-0.50316	5.8033	-6.1261	-0.50419	-1.1623	-4.0266	1.8858	0.11368	0.42656	2.8508	-0.89228	-0.46023	-6.7682	-0.99984	5.8195	10.053	7.384	3.859	1.9788	-1.1185	-4.4182	8.7693	-8.6227	-4.0111	-8.0011	-7.4915	-6.7032	6.3502	-7.3105	3.3209	7.6656	9.7363	-6.5049	7.4488	-3.2851	-3.0063	-6.5496	1.1638	2.1347	7.8269	-7.3102	1.298	-9.2697	1.0786	3.8536	0.27539	-3.4215	2.5117	8.9943	-7.357	-0.3162	1.0902	3.9824	10.102	7.1347	1.7604	4.4133	-4.9605	2.7599	9.7326	9.0133	7.5588	5.2847	6.2616	6.5456	7.0118	-7.013	-1.0714	-1.7831	-7.9705	-2.1462	5.4224	8.5834	-8.9467	10.237	8.82	8.9574	0.36653	-3.9892	8.3688	7.313	-3.3743	8.2262	5.767	9.6929	3.8913	5.2686	-5.0545	6.1143	6.1597	5.5136	7.3488	-3.0248	-2.6061	9.4834	5.7161	-6.0392	9.0548	6.5028	-1.6369	0.44965	2.1329	2.8556	7.9627	-8.5801	7.6791	10.441	-0.1734	3.8556	-6.1639	-2.071	-5.3137	-2.3472	0.36958	0.41848	-5.0254	10.026	-6.3004	10.591	1.6067	4.4144	1.4318	-3.6296	4.2613	2.8878	7.3886	-6.9258	-8.8377	10.053	8.1403	-7.9252	2.3595	2.4612
10.266	2.6445	-0.0080975	-4.1784	2.2665	2.5276	-4.5664	7.5689	7.2089	0.84735	3.3689	1.3019	6.8625	-6.2585	-7.5439	3.8994	2.5835	4.599	-1.8644	10.983	-2.5136	10.325	4.1144	-3.0034	-5.2582	1.3645	-3.1408	2.0553	-7.4845	-2.191	5.5893	-3.5555	-1.9093	4.1377	6.0697	-2.2477	-5.1055	3.5755	9.6471	3.8886	-3.0516	-1.0625	7.0257	8.3628	6.3346	2.654	5.5485	-7.31	-2.7728	0.92688	-5.0217	3.2978	9.423	10.386	10.779	5.9317	5.3734	11.244	0.89712	10.562	1.7151	-8.0455	9.0427	-5.2096	-0.69802	-5.6312	-8.5293	-8.2453	3.7355	2.3893	-0.7376	1.5367	4.3968	11.128	6.1063	2.0677	-6.0226	-3.438	3.5797	-3.4653	10.51	-4.31	-8.0701	4.2872	3.9025	10.188	-8.645	2.2426	-9.0359	10.568	9.7861	-6.2068	-9.0584	-2.1719	-4.8326	-0.78794	-2.4521	-1.3829	5.2385	3.5593	7.4941	6.8844	3.8148	0.088569	-7.4794	-8.9612	8.5693	8.1529	-0.071819	-0.3957	11.314	-5.3886	-2.3903	3.3765	-4.2206	0.73514	10.581	4.0787	-6.1007	6.6136	6.0115	-4.4819	-1.4114	7.0609	6.7574	3.2422	8.0261	5.0219	8.391	-7.3051	1.4354	8.4787	0.73265	3.8731	-0.63337	-7.1432	-2.1179	5.4822	7.477	-8.0689	8.7496	-0.40665	1.8126	-8.7675	-4.9127	8.7989	-0.41062	-2.0459	4.0202	7.8689	5.4744	2.3571	5.0778	-8.0924	-8.6328	3.6776	-7.2749	11.009	-8.3189	-3.4676	6.3938	2.4149	7.1241	1.8253	-1.9863	7.1679	8.9805	7.1538	-5.9561	-1.7291	-2.1079	-3.2854	-3.9959	9.3417	2.1393	-8.2895	-2.4942	-4.2305	0.42232	11.257	-1.2166	-5.6285	8.1427	-3.2143	1.7257	-5.4514	-5.8156	10.956	-5.5929	-4.058	-8.805	0.056063	-3.8813	10.589	5.3669	-2.0883	-6.1003	-8.4186	-0.2811	5.2921
