0.29494	0.43633	0.041908	0.16651	0.62339	0.71719	0.013083	0.69443	0.89772	0.71341	0.35336	0.16582	0.87008	0.15389	0.81831	0.64875	0.65393	0.34326	0.18048	0.38195	0.98788	0.44751	0.7206	0.78404	0.18697	0.398	0.041526	0.50491	0.74095	0.52176	0.70408	0.72964	0.96693	0.75772	0.55799	0.64653	0.31085	0.45486	0.20906	0.24887	0.96136	0.91627	0.082589	0.086711	0.64139	0.80688	0.89923	0.43675	0.76979	0.5485	0.72157	0.36553	0.96667	0.48425	0.15563	0.23499	0.23195	0.71632	0.67755	0.12213	0.32311	0.4696	0.19933	0.7194	0.021271	0.23799	0.052353	0.666	0.70734	0.075374	0.081055	0.30556	0.84253	0.55195	0.57302	0.35888	0.59755	0.66101	0.082604	0.78974	0.16821	0.50636	0.48212	0.89923	0.7032	0.11864	0.30882	0.68537	0.49805	0.65634	0.90798	0.25151	0.61775	0.28752	0.23179	0.32582	0.53399	0.68814	0.38083	0.75292
0.43633	0.98373	0.95534	0.83757	0.81279	0.87358	0.6703	0.091435	0.028493	0.80125	0.49257	0.9626	0.3351	0.89871	0.032507	0.67135	0.45726	0.61249	0.64555	0.65657	0.1103	0.94067	0.99642	0.64867	0.43236	0.03225	0.9959	0.18165	0.19592	0.97369	0.62176	0.11101	0.53837	0.39381	0.70761	0.332	0.14683	0.85192	0.5892	0.80793	0.37114	0.6448	0.49926	0.99198	0.71807	0.64687	0.83094	0.37668	0.051383	0.021025	0.67386	0.31847	0.70177	0.0029364	0.95699	0.068389	0.71853	0.45339	0.23264	0.1228	0.34796	0.69507	0.14356	0.79021	0.75614	0.50558	0.9068	0.34362	0.76384	0.61434	0.67705	0.56003	0.25728	0.95949	0.95327	0.23101	0.5116	0.49418	0.52482	0.85853	0.68365	0.42421	0.42527	0.92083	0.049535	0.8709	0.32625	0.10356	0.76161	0.20884	0.75219	0.099592	0.069288	0.46595	0.91363	0.50766	0.95896	0.33389	0.43467	0.25022
0.041908	0.95534	0.39607	0.97981	0.57025	0.96983	0.41832	0.1842	0.26632	0.94809	0.067157	0.9813	0.96127	0.013714	0.95166	0.53296	0.79012	0.94971	0.19635	0.37876	0.84742	0.62978	0.32418	0.71966	0.152	0.89867	0.83547	0.53235	0.28126	0.51142	0.6596	0.25922	0.57746	0.32645	0.38612	0.5018	0.01278	0.44144	0.015946	0.10225	0.61175	0.17846	0.71383	0.94316	0.71964	0.2195	0.11616	0.27413	0.51781	0.94627	0.16607	0.97375	0.21374	0.60575	0.14709	0.84717	0.32308	0.59656	0.42575	0.45354	0.88817	0.01278	0.42933	0.93095	0.391	0.70509	0.35435	0.98671	0.11667	0.31256	0.7714	0.9126	0.0042041	0.46977	0.80118	0.72653	0.75837	0.39499	0.79556	0.41484	0.1192	0.66126	0.56228	0.42956	0.46614	0.86568	0.95549	0.084363	0.52916	0.074789	0.81509	0.011239	0.26937	0.71242	0.88613	0.74333	0.49489	0.19528	0.31399	0.33375
0.16651	0.83757	0.97981	0.84906	0.17623	0.99312	0.63639	0.69538	0.10762	0.53594	0.64492	0.25897	0.82091	0.51886	0.017537	0.17832	0.34198	0.12135	0.66071	0.25779	0.48096	0.98168	0.84951	0.62127	0.33705	0.46036	0.3261	0.27446	0.49431	0.27384	0.85268	0.28608	0.20154	0.54216	0.20452	0.01117	0.37744	0.84031	0.69368	0.0029973	0.2725	0.3616	0.42374	0.70958	0.38041	0.89792	0.63262	0.93825	0.65825	0.51068	0.91265	0.335	0.57999	0.35406	0.70746	0.71964	0.74872	0.60449	0.14681	0.34881	0.024635	0.32384	0.53596	0.057809	0.44767	0.15223	0.7186	0.70329	0.64733	0.036576	0.87083	0.45754	0.78099	0.76889	0.57074	0.56196	0.0084081	0.99097	0.35171	0.76337	0.22803	0.4216	0.52707	0.21786	0.35286	0.55276	0.63854	0.43957	0.18964	0.37681	0.40215	0.26608	0.7329	0.30861	0.48006	0.10615	0.17527	0.69097	0.025341	0.075348
0.62339	0.81279	0.57025	0.17623	0.32613	0.58107	0.39614	0.40878	0.71256	0.033753	0.17782	0.90734	0.58968	0.43277	0.11762	0.71284	0.56389	0.017348	0.71073	0.81964	0.39557	0.27827	0.32792	0.77489	0.028101	0.82286	0.52432	0.85864	0.69771	0.38983	0.063011	0.7422	0.90996	0.94858	0.1383	0.93145	0.024297	0.017671	0.381	0.70993	0.65839	0.55336	0.76609	0.1963	0.48163	0.16349	0.9044	0.2767	0.063741	0.61504	0.36692	0.84456	0.76549	0.87065	0.58283	0.42246	0.12226	0.12511	0.90961	0.10948	0.19661	0.4928	0.98006	0.27531	0.76456	0.41712	0.71873	0.84488	0.85676	0.27942	0.41538	0.56162	0.71448	0.26909	0.11882	0.93226	0.54661	0.62352	0.040832	0.75723	0.51017	0.57657	0.76759	0.94101	0.31257	0.57483	0.10907	0.8397	0.059442	0.097942	0.73863	0.41209	0.8877	0.1348	0.30061	0.87109	0.64271	0.78013	0.54997	0.35647
0.71719	0.87358	0.96983	0.99312	0.58107	0.96799	0.50263	0.44365	0.52868	0.65044	0.92816	0.002187	0.41457	0.7473	0.80774	0.42285	0.74736	0.64324	0.92861	0.83154	0.53582	0.23083	0.25775	0.032661	0.80973	0.68096	0.29139	0.50329	0.84862	0.48149	0.3604	0.54061	0.40808	0.074012	0.72014	0.39232	0.62535	0.48542	0.35011	0.50194	0.37591	0.60701	0.14142	0.59985	0.78588	0.73116	0.36204	0.88498	0.63837	0.43778	0.22198	0.83148	0.76209	0.0024842	0.94035	0.14588	0.85761	0.89072	0.91305	0.90368	0.23866	0.93566	0.94834	0.97723	0.98746	0.82065	0.23659	0.37385	0.91024	0.032528	0.20802	0.31109	0.79119	0.32852	0.69091	0.45832	0.95098	0.79428	0.22092	0.84746	0.8504	0.83337	0.58175	0.53054	0.070033	0.85636	0.98161	0.065279	0.17105	0.71687	0.56262	0.73317	0.040323	0.91064	0.46557	0.093343	0.98204	0.55523	0.48969	0.1386
0.013083	0.6703	0.41832	0.63639	0.39614	0.50263	0.61332	0.47949	0.88755	0.74642	0.78731	0.91808	0.22468	0.59049	0.89882	0.30269	0.37567	0.58743	0.93882	0.0020858	0.88113	0.72377	0.15904	0.93185	0.51976	0.3058	0.88884	0.77585	0.61145	0.76638	0.3972	0.66754	0.2611	0.59806	0.39494	0.73562	0.34214	0.20098	0.4277	0.29263	0.44381	0.33663	0.52709	0.97628	0.094577	0.057179	0.33503	0.33438	0.4947	0.43916	0.88044	0.33903	0.2876	0.79288	0.8269	0.15917	0.014996	0.45576	0.89023	0.3076	0.99164	0.15251	0.20498	0.93106	0.51707	0.12312	0.3665	0.27001	0.81147	0.57169	0.4216	0.78029	0.79996	0.734	0.31778	0.3959	0.37306	0.41497	0.021912	0.73503	0.57586	0.88839	0.32715	0.63443	0.54123	0.74421	0.24753	0.85104	0.48726	0.96462	0.39321	0.22222	0.64577	0.4501	0.18098	0.15825	0.61951	0.43368	0.63784	0.5815
0.69443	0.091435	0.1842	0.69538	0.40878	0.44365	0.47949	0.92079	0.036406	0.7581	0.57249	0.057083	0.22595	0.0059102	0.61019	0.70084	0.42689	0.98023	0.81236	0.35676	0.048914	0.87986	0.60893	0.066538	0.22923	0.64435	0.36723	0.55134	0.74516	0.56627	0.92703	0.39903	0.13483	0.12651	0.6145	0.4678	0.56079	0.5757	0.11735	0.41208	0.42726	0.1336	0.059295	0.63437	0.79188	0.091994	0.42025	0.18287	0.99379	0.26062	0.43412	0.8124	0.41515	0.45426	0.3817	0.76629	0.25447	0.68617	0.45349	0.84154	0.56859	0.24186	0.069544	0.89709	0.12369	0.54286	0.039918	0.57937	0.65385	0.17714	0.49995	0.0058951	0.67026	0.56297	0.97387	0.10785	0.056548	0.62415	0.025066	0.53856	0.52851	0.46464	0.52165	0.58992	0.99698	0.88247	0.1592	0.41658	0.65641	0.50661	0.031398	0.89144	0.61154	0.39393	0.4333	0.65901	0.33675	0.31603	0.047298	0.32214
0.89772	0.028493	0.26632	0.10762	0.71256	0.52868	0.88755	0.036406	0.36595	0.26937	0.58024	0.24005	0.0084127	0.12507	0.4976	0.7102	0.72911	0.77815	0.86695	0.81414	0.21833	0.25132	0.4935	0.22642	0.25904	0.23783	0.08275	0.11369	0.91304	0.15694	0.43052	0.97757	0.31014	0.24403	0.86008	0.98558	0.016733	0.15078	0.34897	0.23434	0.68273	0.16582	0.24628	0.62608	0.63497	0.19075	0.76118	0.59942	0.054444	0.071981	0.96978	0.32087	0.58525	0.77798	0.81845	0.27769	0.70695	0.54785	0.19112	0.21221	0.19015	0.42015	0.41177	0.31439	0.42195	0.77058	0.82821	0.37609	0.13848	0.024543	0.77059	0.40654	0.42387	0.34902	0.89339	0.54547	0.43488	0.39805	0.39394	0.80043	0.05066	0.13501	0.30937	0.56742	0.36548	0.23008	0.70695	0.23957	0.7869	0.63954	0.6944	0.61283	0.15339	0.26526	0.39666	0.77588	0.009396	0.46146	0.54187	0.58885
0.71341	0.80125	0.94809	0.53594	0.033753	0.65044	0.74642	0.7581	0.26937	0.016873	0.48599	0.27784	0.40576	0.86241	0.45207	0.74922	0.59945	0.32789	0.38019	0.98649	0.79435	0.42999	0.84399	0.33747	0.086988	0.68404	0.012298	0.64638	0.35939	0.32455	0.4257	0.24767	0.82929	0.74194	0.26559	0.52388	0.69413	0.2833	0.87131	0.80786	0.68596	0.10686	0.43448	0.64942	0.26028	0.82386	0.51708	0.99932	0.16875	0.15145	0.022598	0.56942	0.79732	0.048325	0.27206	0.35138	0.67392	0.89657	0.35713	0.95772	0.99847	0.48974	0.52441	0.6955	0.66684	0.60315	0.38966	0.38345	0.70336	0.38506	0.87122	0.028584	0.017706	0.32971	0.67896	0.96783	0.79731	0.58364	0.71979	0.95874	0.26592	0.099955	0.17673	0.37265	0.86636	0.26629	0.57393	0.1076	0.33802	0.060732	0.65433	0.57139	0.4868	0.21719	0.55147	0.02284	0.93058	0.06942	0.76992	0.98087
0.35336	0.49257	0.067157	0.64492	0.17782	0.92816	0.78731	0.57249	0.58024	0.48599	0.51264	0.74793	0.31259	0.73684	0.34821	0.84948	0.75069	0.41951	0.047384	0.20968	0.8446	0.88629	0.90467	0.37076	0.33259	0.67251	0.080841	0.42009	0.83911	0.082341	0.21034	0.86383	0.82537	0.57411	0.05223	0.3836	0.043719	0.40469	0.27179	0.49307	0.97692	0.58988	0.07484	0.15535	0.16402	0.15528	0.89469	0.14119	0.2093	0.53538	0.7599	0.38507	0.61224	0.052949	0.43482	0.26029	0.50072	0.98949	0.25796	0.79453	0.40422	0.73383	0.33549	0.0011286	0.22033	0.70656	0.88134	0.95927	0.016404	0.80311	0.12199	0.36674	0.74222	0.12302	0.49552	0.21519	0.7253	0.6912	0.49218	0.48401	0.54492	0.052894	0.84053	0.3477	0.30422	0.97751	0.36311	0.59622	0.43362	0.69084	0.53961	0.59152	0.79209	0.71713	0.075405	0.56647	0.50168	0.49598	0.86583	0.022213
0.16582	0.9626	0.9813	0.25897	0.90734	0.002187	0.91808	0.057083	0.24005	0.27784	0.74793	0.8913	0.98558	0.22585	0.8992	0.46751	0.56768	0.83779	0.51307	0.43006	0.27342	0.23094	0.52876	0.37318	0.096529	0.44478	0.91461	0.35144	0.57811	0.12539	0.12456	0.48293	0.78215	0.48809	0.63409	0.30053	0.97842	0.97262	0.1599	0.099752	0.29957	0.71419	0.9106	0.96765	0.46844	0.27035	0.061329	0.54614	0.5647	0.47029	0.30742	0.15141	0.46267	0.8484	0.68156	0.61365	0.71575	0.58741	0.44224	0.53004	0.69032	0.19175	0.68677	0.79559	0.014535	0.47577	0.98921	0.45097	0.64483	0.7967	0.67119	0.38873	0.57762	0.0097725	0.37709	0.79667	0.25813	0.88784	0.27306	0.013215	0.39364	0.53387	0.16716	0.52428	0.69075	0.70048	0.66522	0.58073	0.95292	0.25824	0.012071	0.67134	0.43775	0.14528	0.47265	0.81588	0.20857	0.0091209	0.30133	0.79834
0.87008	0.3351	0.96127	0.82091	0.58968	0.41457	0.22468	0.22595	0.0084127	0.40576	0.31259	0.98558	0.094776	0.22437	0.82935	0.2361	0.74462	0.036423	0.21137	0.27429	0.15814	0.72073	0.5198	0.92811	0.50599	0.85836	0.68755	0.21947	0.69847	0.5247	0.71189	0.1876	0.57272	0.5011	0.86099	0.92244	0.14125	0.87301	0.76251	0.2051	0.0014191	0.94638	0.75478	0.90103	0.017797	0.52549	0.83183	0.65486	0.9293	0.37896	0.29441	0.80965	0.91344	0.79262	0.65684	0.51496	0.74538	0.052126	0.074513	0.26539	0.86164	0.5837	0.8977	0.37169	0.34499	0.40676	0.47135	0.94905	0.93676	0.28043	0.80876	0.40181	0.92017	0.57146	0.95241	0.19381	0.29472	0.76978	0.17636	0.018649	0.913	3.7281e-005	0.45076	0.41758	0.19026	0.23542	0.59923	0.58656	0.37394	0.56177	0.062876	0.019419	0.029621	0.085877	0.60904	0.23249	0.77511	0.58592	0.23608	0.98615
0.15389	0.89871	0.013714	0.51886	0.43277	0.7473	0.59049	0.0059102	0.12507	0.86241	0.73684	0.22585	0.22437	0.52344	0.82933	0.12742	0.3555	0.01006	0.60564	0.85078	0.36873	0.9544	0.37732	0.17461	0.44534	0.15526	0.16988	0.59648	0.98629	0.3985	0.70963	0.28525	0.54606	0.31627	0.39965	0.51945	0.59989	0.11903	0.98472	0.60975	0.73006	0.80721	0.046467	0.65495	0.14465	0.50814	0.077701	0.56213	0.19953	0.31746	0.86504	0.16252	0.78314	0.73251	0.44616	0.96778	0.0092041	0.58886	0.38891	0.9481	0.23001	0.4408	0.91957	0.76885	0.45114	0.93733	0.29159	0.21486	0.47567	0.67164	0.96921	0.67873	0.89383	0.56667	0.47191	0.24763	0.27185	0.55154	0.029949	0.20964	0.9117	0.9041	0.47226	0.12428	0.078607	0.47344	0.01734	0.65802	0.75204	0.13333	0.13617	0.77338	0.052698	0.38681	0.23786	0.95951	0.39904	0.77953	0.44331	0.96128
0.81831	0.032507	0.95166	0.017537	0.11762	0.80774	0.89882	0.61019	0.4976	0.45207	0.34821	0.8992	0.82935	0.82933	0.58714	0.46046	0.27535	0.24434	0.66326	0.30089	0.37941	0.19171	0.982	0.048416	0.28728	0.94756	0.61909	0.39779	0.18868	0.12525	0.7068	0.72579	0.97401	0.45017	0.93329	0.51116	0.60951	0.65046	0.16479	0.62968	0.8832	0.93663	0.23071	0.60984	0.97151	0.82599	0.77573	0.37407	0.0090432	0.65092	0.2952	0.23992	0.9472	0.8833	0.69504	0.011837	0.48333	0.38676	0.33638	0.042791	0.93115	0.49365	0.26756	0.69435	0.41491	0.90687	0.24909	0.32501	0.30183	0.87793	0.39475	0.14261	0.17283	0.084515	0.078573	0.1658	0.91378	0.22942	0.75961	0.49711	0.89854	0.36785	0.87748	0.082372	0.82867	0.40989	0.9299	0.29078	0.31458	0.97352	0.1843	0.13987	0.19381	0.12226	0.50696	0.15315	0.16463	0.32233	0.35494	0.91551
0.64875	0.67135	0.53296	0.17832	0.71284	0.42285	0.30269	0.70084	0.7102	0.74922	0.84948	0.46751	0.2361	0.12742	0.46046	0.39866	0.83379	0.076495	0.8414	0.29585	0.076485	0.29038	0.61601	0.12354	0.86118	0.44925	0.75526	0.64915	0.21126	0.30957	0.44795	0.73261	0.87504	0.11307	0.79698	0.063838	0.38619	0.32328	0.72822	0.10241	0.98052	0.83519	0.78744	0.47054	0.015131	0.20648	0.29705	0.66842	0.76958	0.41196	0.21042	0.056853	0.33064	0.86538	0.61254	0.72949	0.26481	0.12799	0.96703	0.38913	0.23286	0.9907	0.40168	0.99956	0.87445	0.64546	0.58045	0.12467	0.92654	0.31171	0.93395	0.4411	0.68227	0.73288	0.85834	0.22399	0.92467	0.97577	0.19988	0.18225	0.86589	0.77761	0.5756	0.85278	0.76032	0.097367	0.081963	0.43098	0.80566	0.2247	0.64222	0.3066	0.55666	0.88505	0.38383	0.77627	0.92965	0.35137	0.54806	0.56448
0.65393	0.45726	0.79012	0.34198	0.56389	0.74736	0.37567	0.42689	0.72911	0.59945	0.75069	0.56768	0.74462	0.3555	0.27535	0.83379	0.59317	0.25153	0.49184	0.50314	0.60672	0.32027	0.44709	0.54876	0.54198	0.25085	0.84556	0.48721	0.80548	0.37967	0.18302	0.52103	0.17544	0.074147	0.97677	0.24361	0.24945	0.83052	0.85178	0.035461	0.44804	0.093718	0.99317	0.60955	0.47404	0.18397	0.12399	0.54011	0.89222	0.49669	0.3659	0.38482	0.98839	0.060339	0.46367	0.22532	0.66478	0.84599	0.56399	0.76024	0.68354	0.57435	0.29244	0.20407	0.29054	0.42295	0.14042	0.5022	0.54305	0.32247	0.92309	0.23955	0.30365	0.77915	0.1221	0.56362	0.88817	0.86015	0.18852	0.69134	0.14385	0.5807	0.5036	0.11044	0.47439	0.6456	0.3104	0.31503	0.14498	0.80884	0.37338	0.59934	0.1413	0.78924	0.64983	0.753	0.81901	0.78345	0.56477	0.85923
0.34326	0.61249	0.94971	0.12135	0.017348	0.64324	0.58743	0.98023	0.77815	0.32789	0.41951	0.83779	0.036423	0.01006	0.24434	0.076495	0.25153	0.29028	0.54978	0.87416	0.74807	0.80764	0.47394	0.99571	0.048362	0.32937	0.70214	0.81996	0.57928	0.98338	0.82114	0.4092	0.75974	0.50311	0.45072	0.202	0.029707	0.32088	0.2191	0.92455	0.78437	0.37968	0.24888	0.31107	0.89938	0.8559	0.40371	0.60766	0.47785	0.84887	0.78325	0.38046	0.32843	0.81298	0.38709	0.78915	0.55477	0.54261	0.53054	0.39439	0.8025	0.20251	0.076322	0.7225	0.085252	0.65638	0.39852	0.28055	0.53082	0.89717	0.73363	0.88289	0.66134	0.41195	0.31545	0.39291	0.82645	0.396	0.45599	0.63578	0.66969	0.20852	0.24931	0.68017	0.6619	0.59855	0.36655	0.54821	0.30505	0.2837	0.80194	0.88991	0.66457	0.60817	0.03393	0.15571	0.69809	0.92044	0.53483	0.8922
0.18048	0.64555	0.19635	0.66071	0.71073	0.92861	0.93882	0.81236	0.86695	0.38019	0.047384	0.51307	0.21137	0.60564	0.66326	0.8414	0.49184	0.54978	0.47676	0.065595	0.4315	0.31515	0.53725	0.70738	0.34632	0.0045968	0.1245	0.46947	0.38235	0.17672	0.82428	0.82321	0.1555	0.6708	0.092767	0.021524	0.76837	0.95718	0.43946	0.34751	0.097004	0.62104	0.38097	0.063945	0.49991	0.78401	0.33885	0.26782	0.013904	0.1075	0.65138	0.9853	0.36902	0.97474	0.13799	0.75894	0.75767	0.4532	0.2932	0.61063	0.30791	0.62504	0.1246	0.99383	0.36766	0.59547	0.96497	0.062242	0.56917	0.96797	0.71808	0.69913	0.95926	0.7017	0.1513	0.44436	0.58612	0.27729	0.13621	0.70224	0.12055	0.27658	0.99075	0.11171	0.34126	0.66622	0.6606	0.88554	0.26136	0.77307	0.87157	0.45392	0.8244	0.19883	0.81799	0.0029066	0.67848	0.82587	0.71268	0.38917
0.38195	0.65657	0.37876	0.25779	0.81964	0.83154	0.0020858	0.35676	0.81414	0.98649	0.20968	0.43006	0.27429	0.85078	0.30089	0.29585	0.50314	0.87416	0.065595	0.1115	0.011703	0.20709	0.14817	0.60616	0.91769	0.65307	0.25948	0.8792	0.67185	0.40686	0.59519	0.31476	0.54932	0.94913	0.43526	0.57748	0.64626	0.39486	0.86829	0.72453	0.011892	0.46319	0.61168	0.12043	0.018092	0.084492	0.57989	0.81136	0.87248	0.84243	0.57011	0.92988	0.48303	0.87102	0.70357	0.014524	0.26128	0.96301	0.15502	0.87611	0.37088	0.27359	0.67824	0.89571	0.011711	0.44955	0.1751	0.28771	0.36041	0.75955	0.47274	0.45922	0.26471	0.16757	0.80078	0.79264	0.23076	0.4252	0.9377	0.71557	0.092945	0.93321	0.37835	0.18839	0.58009	0.62599	0.43073	0.76981	0.11554	0.94504	0.086599	0.17478	0.39045	0.65808	0.5617	0.41922	0.080648	0.71724	0.89358	0.77155
0.98788	0.1103	0.84742	0.48096	0.39557	0.53582	0.88113	0.048914	0.21833	0.79435	0.8446	0.27342	0.15814	0.36873	0.37941	0.076485	0.60672	0.74807	0.4315	0.011703	0.1233	0.58756	0.22956	0.63328	0.080607	0.25225	0.6356	0.26589	0.96118	0.71369	0.35381	0.27992	0.010764	0.78777	0.98089	0.075138	0.46721	0.038428	0.50389	0.69806	0.78967	0.7275	0.65368	0.97649	0.25145	0.45609	0.071803	0.92001	0.9965	0.39572	0.024498	0.87261	0.31626	0.85721	0.85131	0.68918	0.90495	0.87316	0.84016	0.80191	0.55664	0.75244	0.91548	0.40461	0.090146	0.9361	0.58463	0.23365	0.34403	0.5089	0.77829	0.14971	0.54364	0.38476	0.16126	0.92049	0.16073	0.3961	0.14898	0.72847	0.98853	0.016927	0.90358	0.34285	0.86096	0.9598	0.55997	0.13325	0.5748	0.48542	0.021933	0.46376	0.52805	0.51453	0.89856	0.15173	0.85148	0.19954	0.35332	0.042619
0.44751	0.94067	0.62978	0.98168	0.27827	0.23083	0.72377	0.87986	0.25132	0.42999	0.88629	0.23094	0.72073	0.9544	0.19171	0.29038	0.32027	0.80764	0.31515	0.20709	0.58756	0.7774	0.15027	0.23036	0.80738	0.47853	0.50003	0.70528	0.11561	0.53664	0.52039	0.95702	0.1794	0.53453	0.83851	0.67063	0.53805	0.18866	0.13175	0.11992	0.63768	0.16558	0.64778	0.070909	0.94722	0.4113	0.62251	0.17866	0.60068	0.5816	0.030731	0.98003	0.58275	0.62755	0.27057	0.3234	0.47575	0.76951	0.8465	0.92758	0.74799	0.85571	0.5146	0.65945	0.211	0.23555	0.63768	0.59558	0.90465	0.91674	0.45796	0.46712	0.17113	0.17553	0.83079	0.14249	0.82069	0.67722	0.28721	0.76335	0.66105	0.062358	0.94781	0.96874	0.23886	0.26485	0.62404	0.23554	0.76869	0.14148	0.98138	0.47748	0.44342	0.24391	0.76177	0.69423	0.51161	0.42039	0.066888	0.92106
0.7206	0.99642	0.32418	0.84951	0.32792	0.25775	0.15904	0.60893	0.4935	0.84399	0.90467	0.52876	0.5198	0.37732	0.982	0.61601	0.44709	0.47394	0.53725	0.14817	0.22956	0.15027	0.65562	0.31285	0.99576	0.63178	0.32369	0.16081	0.80708	0.88216	0.59002	0.18957	0.23785	0.54118	0.89048	0.60846	0.17152	0.44385	0.83174	0.83514	0.68567	0.85774	0.62584	0.36646	0.28402	0.90292	0.72356	0.20545	0.20287	0.14287	0.40115	0.08247	0.71652	0.64426	0.75427	0.19581	0.26447	0.064223	0.54086	0.53148	0.28969	0.51716	0.83033	0.85554	0.92974	0.85912	0.39788	0.15671	0.94296	0.96679	0.26931	0.95355	0.95523	0.75299	0.78164	0.57277	0.015576	0.43495	0.6313	0.82416	0.20063	0.4119	0.96014	0.065616	0.41242	0.7797	0.55069	0.6843	0.54999	0.85925	0.31886	0.21169	0.4011	0.81428	0.63933	0.37516	0.34091	0.22512	0.73601	0.019166
0.78404	0.64867	0.71966	0.62127	0.77489	0.032661	0.93185	0.066538	0.22642	0.33747	0.37076	0.37318	0.92811	0.17461	0.048416	0.12354	0.54876	0.99571	0.70738	0.60616	0.63328	0.23036	0.31285	0.61165	0.11111	0.25884	0.61117	0.064254	0.067107	0.43827	0.99666	0.44613	0.18909	0.11168	0.27362	0.0061126	0.25218	0.092773	0.78324	0.95658	0.69033	0.11031	0.89287	0.96226	0.39645	0.85354	0.56203	0.11708	0.53799	0.83782	0.54909	0.44455	0.92539	0.98794	0.45211	0.41889	0.59507	0.33945	0.43776	0.070939	0.17966	0.97132	0.5533	0.46333	0.38604	0.60812	0.47347	0.69617	0.67782	0.66753	0.73733	0.18472	0.29791	0.31739	0.85311	0.86372	0.43071	0.97552	0.76654	0.35008	0.34283	0.52173	0.70525	0.77214	0.9702	0.0017289	0.82891	0.72759	0.91027	0.47664	0.64523	0.37211	0.42303	0.81376	0.14063	0.2434	0.96521	0.29022	0.17896	0.017768
0.18697	0.43236	0.152	0.33705	0.028101	0.80973	0.51976	0.22923	0.25904	0.086988	0.33259	0.096529	0.50599	0.44534	0.28728	0.86118	0.54198	0.048362	0.34632	0.91769	0.080607	0.80738	0.99576	0.11111	0.27064	0.75677	0.26083	0.4875	0.95777	0.53546	0.10883	0.69405	0.31937	0.37606	0.2214	0.39484	0.89857	0.92366	0.57637	0.063542	0.2284	0.59592	0.72098	0.91445	0.4615	0.16581	0.34488	0.8115	0.14276	0.75049	0.77399	0.43891	0.093282	0.3883	0.035565	0.9344	0.7504	0.585	0.64137	0.18499	0.19184	0.51579	0.57533	0.68104	0.34015	0.31754	0.92398	0.36005	0.25568	0.70978	0.62128	0.28597	0.73842	0.71806	0.049596	0.43498	0.8572	0.71331	0.19484	0.98999	0.62821	0.868	0.14879	0.69499	0.5891	0.15419	0.53578	0.19372	0.74078	0.29103	0.95821	0.8126	0.22341	0.20382	0.93935	0.050887	0.8137	0.011781	0.085728	0.71634
0.398	0.03225	0.89867	0.46036	0.82286	0.68096	0.3058	0.64435	0.23783	0.68404	0.67251	0.44478	0.85836	0.15526	0.94756	0.44925	0.25085	0.32937	0.0045968	0.65307	0.25225	0.47853	0.63178	0.25884	0.75677	0.47482	0.98278	0.58052	0.050931	0.6514	0.3312	0.19625	0.1076	0.53459	0.0055727	0.068302	0.2772	0.98436	0.38873	0.59038	0.58662	0.33432	0.64122	0.15551	0.66105	0.71881	0.26292	0.45441	0.83355	0.52018	0.83744	0.69452	0.19705	0.04642	0.83387	0.094681	0.47571	0.16362	0.32404	0.09816	0.99	0.89393	0.37398	0.029375	0.32981	0.39833	0.87095	0.50664	0.31936	0.70691	0.44403	0.99665	0.21752	0.35928	0.94379	0.6144	0.66375	0.47299	0.44044	0.4295	0.10625	0.53948	0.87203	0.81628	0.46275	0.5151	0.45646	0.19444	0.86065	0.01744	0.34206	0.2642	0.14719	0.95048	0.31873	0.84183	0.65851	0.33464	0.036626	0.50588
0.041526	0.9959	0.83547	0.3261	0.52432	0.29139	0.88884	0.36723	0.08275	0.012298	0.080841	0.91461	0.68755	0.16988	0.61909	0.75526	0.84556	0.70214	0.1245	0.25948	0.6356	0.50003	0.32369	0.61117	0.26083	0.98278	0.23637	0.60926	0.66536	0.087219	0.17136	0.99471	0.57204	0.98279	0.23566	0.59815	0.92258	0.11702	0.39434	0.79164	0.90592	0.17712	0.11487	0.030847	0.31874	0.85951	0.33461	0.47573	0.94405	0.033652	0.63177	0.81295	0.50892	0.97084	0.86822	0.2388	0.34422	0.046482	0.56775	0.58478	0.033052	0.83684	0.65876	0.92259	0.93722	0.02185	0.088849	0.18665	0.90338	0.85996	0.55618	0.24298	0.88093	0.6454	0.30398	0.46881	0.33444	0.36277	0.75794	0.035253	0.8993	0.19891	0.97664	0.076889	0.21805	0.14055	0.38944	0.71207	0.032647	0.64976	0.4911	0.96851	0.93368	0.29679	0.19853	0.21922	0.98046	0.024148	0.39415	0.24687
0.50491	0.18165	0.53235	0.27446	0.85864	0.50329	0.77585	0.55134	0.11369	0.64638	0.42009	0.35144	0.21947	0.59648	0.39779	0.64915	0.48721	0.81996	0.46947	0.8792	0.26589	0.70528	0.16081	0.064254	0.4875	0.58052	0.60926	0.10207	0.05973	0.27872	0.088529	0.032039	0.92794	0.13795	0.74245	0.67181	0.9259	0.20932	0.52873	0.20288	0.068214	0.81821	0.45113	0.81256	0.44083	0.33261	0.95406	0.97121	0.42096	0.99367	0.38145	0.86605	0.15678	0.34971	0.41371	0.71808	0.5634	0.35008	0.29109	0.48456	0.86103	0.89022	0.5336	0.96251	0.90647	0.37398	0.16023	0.95722	0.59532	0.35544	0.11449	0.95684	0.0067703	0.64837	0.19123	0.73018	0.41391	0.2785	0.15963	0.37056	0.079935	0.14668	0.82214	0.4665	0.91474	0.17529	0.78214	0.049377	0.25818	0.72188	0.29332	0.40896	0.28676	0.14145	0.94964	0.42126	0.90043	0.77896	0.92197	0.56031
0.74095	0.19592	0.28126	0.49431	0.69771	0.84862	0.61145	0.74516	0.91304	0.35939	0.83911	0.57811	0.69847	0.98629	0.18868	0.21126	0.80548	0.57928	0.38235	0.67185	0.96118	0.11561	0.80708	0.067107	0.95777	0.050931	0.66536	0.05973	0.94754	0.7788	0.055745	0.74246	0.29157	0.024893	0.0209	0.27976	0.53213	0.75132	0.15368	0.95662	0.18023	0.39874	0.54164	0.15591	0.9266	0.19411	0.49991	0.18185	0.40107	0.67836	0.062866	0.99589	0.29793	0.67631	0.85574	0.18798	0.85887	0.69945	0.0095252	0.993	0.27055	0.82261	0.69925	0.80895	0.27867	0.08493	0.02241	0.20143	0.32668	0.43262	0.59559	0.06597	0.83615	0.39661	0.77782	0.048063	0.060349	0.12245	0.19724	0.31942	0.7257	0.55209	0.43532	0.31339	0.024476	0.9191	0.19523	0.66367	0.14817	0.22315	0.20297	0.77753	0.35645	0.6549	0.046868	0.044097	0.038174	0.58727	0.66558	0.96957
0.52176	0.97369	0.51142	0.27384	0.38983	0.48149	0.76638	0.56627	0.15694	0.32455	0.082341	0.12539	0.5247	0.3985	0.12525	0.30957	0.37967	0.98338	0.17672	0.40686	0.71369	0.53664	0.88216	0.43827	0.53546	0.6514	0.087219	0.27872	0.7788	0.83192	0.2004	0.33353	0.55144	0.68626	0.869	0.12401	0.14381	0.082497	0.54577	0.20773	0.23234	0.56321	0.77582	0.12364	0.21773	0.83337	0.34089	0.27074	0.89088	0.89583	0.86576	0.52733	0.46163	0.54708	0.8058	0.2766	0.1317	0.75769	0.11699	0.76942	0.9142	0.97466	0.56204	0.27015	0.61783	0.46609	0.13178	0.41731	0.69383	0.89285	0.039122	0.99279	0.96633	0.70276	0.65847	0.58806	0.98727	0.82426	0.2849	0.28305	0.86502	0.4973	0.39641	0.59371	0.64111	0.45863	0.45649	0.91218	0.5523	0.56476	0.29351	0.14493	0.32103	0.60957	0.7192	0.89397	0.30688	0.90905	0.55215	0.11994
0.70408	0.62176	0.6596	0.85268	0.063011	0.3604	0.3972	0.92703	0.43052	0.4257	0.21034	0.12456	0.71189	0.70963	0.7068	0.44795	0.18302	0.82114	0.82428	0.59519	0.35381	0.52039	0.59002	0.99666	0.10883	0.3312	0.17136	0.088529	0.055745	0.2004	0.44215	0.045751	0.042501	0.038032	0.27706	0.95106	0.50936	0.82149	0.79027	0.64657	0.15705	0.40842	0.70527	0.4466	0.25164	0.044645	0.95861	0.7283	0.80286	0.47155	0.79277	0.095988	0.41696	0.084094	0.77048	0.25881	0.62474	0.14512	0.25162	0.57628	0.0084363	0.046156	0.92417	0.70774	0.41213	0.80268	0.79838	0.85314	0.74906	0.86385	0.32732	0.39832	0.24458	0.47284	0.79712	0.13249	0.79062	0.88159	0.089599	0.074665	0.45398	0.51395	0.87103	0.28451	0.74448	0.96905	0.85677	0.69998	0.22781	0.044913	0.33512	0.90848	0.71398	0.96895	0.018094	0.33046	0.50811	0.48948	0.56916	0.95681
0.72964	0.11101	0.25922	0.28608	0.7422	0.54061	0.66754	0.39903	0.97757	0.24767	0.86383	0.48293	0.1876	0.28525	0.72579	0.73261	0.52103	0.4092	0.82321	0.31476	0.27992	0.95702	0.18957	0.44613	0.69405	0.19625	0.99471	0.032039	0.74246	0.33353	0.045751	0.48752	0.94018	0.013012	0.54523	0.19114	0.48607	0.020914	0.66903	0.046091	0.18058	0.35389	0.87709	0.24244	0.89735	0.87913	0.70548	0.15352	0.98959	0.07357	0.23246	0.98923	0.60488	0.29281	0.094956	0.011406	0.59257	0.06195	0.97769	0.70831	0.28972	0.50571	0.79229	0.85427	0.2769	0.89052	0.51896	0.75164	0.54926	0.11179	0.90483	0.070971	0.72638	0.78406	0.7387	0.71184	0.99886	0.70081	0.73831	0.10477	0.65277	0.92089	0.68877	0.16798	0.79453	0.77035	0.34931	0.36186	0.39017	0.82585	0.5898	0.14541	0.082093	0.10798	0.96214	0.32375	0.55497	0.86992	0.4259	0.58856
0.96693	0.53837	0.57746	0.20154	0.90996	0.40808	0.2611	0.13483	0.31014	0.82929	0.82537	0.78215	0.57272	0.54606	0.97401	0.87504	0.17544	0.75974	0.1555	0.54932	0.010764	0.1794	0.23785	0.18909	0.31937	0.1076	0.57204	0.92794	0.29157	0.55144	0.042501	0.94018	0.23406	0.67838	0.034539	0.094896	0.76223	0.65086	0.16194	0.95376	0.34544	0.97059	0.058498	0.16609	0.024889	0.68545	0.51819	0.80862	0.98533	0.77488	0.73028	0.04588	0.96576	0.59207	0.97516	0.19247	0.92989	0.53738	0.89475	0.7625	0.10098	0.40022	0.085064	0.13353	0.049647	0.56861	0.15284	0.054442	0.40048	0.47144	0.2042	0.18297	0.77344	0.6067	0.91094	0.6103	0.42667	0.37965	0.94422	0.99737	0.19832	0.99117	0.94847	0.26645	0.10504	0.39157	0.66998	0.38136	0.76011	0.43607	0.57563	0.31379	0.53558	0.82329	0.13146	0.65782	0.75817	0.52654	0.18487	0.052314
0.75772	0.39381	0.32645	0.54216	0.94858	0.074012	0.59806	0.12651	0.24403	0.74194	0.57411	0.48809	0.5011	0.31627	0.45017	0.11307	0.074147	0.50311	0.6708	0.94913	0.78777	0.53453	0.54118	0.11168	0.37606	0.53459	0.98279	0.13795	0.024893	0.68626	0.038032	0.013012	0.67838	0.50735	0.42373	0.28309	0.29989	0.44961	0.28948	0.69706	0.95735	0.7239	0.13091	0.47329	0.58322	0.54351	0.073844	0.59319	0.57278	0.75302	0.082365	0.35229	0.078196	0.88202	0.14554	0.83565	0.31395	0.44742	0.68333	0.86965	0.28454	0.22972	0.53915	0.37989	0.1008	0.8672	0.42456	0.14051	0.41606	0.43579	0.20097	0.067972	0.97726	0.74466	0.54852	0.91032	0.17979	0.4015	0.21929	0.80705	0.36113	0.34262	0.74622	0.70635	0.59239	0.29506	0.42823	0.23308	0.29715	0.40059	0.93926	0.63054	0.9044	0.82195	0.25582	0.38574	0.12534	0.81074	0.95877	0.49424
0.55799	0.70761	0.38612	0.20452	0.1383	0.72014	0.39494	0.6145	0.86008	0.26559	0.05223	0.63409	0.86099	0.39965	0.93329	0.79698	0.97677	0.45072	0.092767	0.43526	0.98089	0.83851	0.89048	0.27362	0.2214	0.0055727	0.23566	0.74245	0.0209	0.869	0.27706	0.54523	0.034539	0.42373	0.8343	0.017477	0.88918	0.9656	0.62613	0.45539	0.53798	0.37328	0.88667	0.95617	0.8502	0.81772	0.58824	0.22467	0.21887	0.31629	0.7376	0.46587	0.26378	0.35759	0.26288	0.25844	0.054289	0.64091	0.88885	0.76282	0.88426	0.94638	0.29638	0.15367	0.088951	0.50579	0.88606	0.032979	0.59226	0.42166	0.90914	0.3821	0.0081722	0.46202	0.69478	0.038089	0.074174	0.28552	0.76326	0.11897	0.0047172	0.94332	0.82102	0.46128	0.99697	0.34026	0.29204	0.1714	0.18951	0.62557	0.65839	0.86896	0.82588	0.030444	0.24542	0.78803	0.39808	0.099571	0.35125	0.77465
0.64653	0.332	0.5018	0.01117	0.93145	0.39232	0.73562	0.4678	0.98558	0.52388	0.3836	0.30053	0.92244	0.51945	0.51116	0.063838	0.24361	0.202	0.021524	0.57748	0.075138	0.67063	0.60846	0.0061126	0.39484	0.068302	0.59815	0.67181	0.27976	0.12401	0.95106	0.19114	0.094896	0.28309	0.017477	0.064176	0.65439	0.018134	0.15191	0.72481	0.33429	0.40078	0.73168	0.40509	0.80048	0.25604	0.26908	0.13987	0.57302	0.59145	0.28489	0.37666	0.39799	0.74458	0.43108	0.89529	0.50028	0.90804	0.0049788	0.24371	0.75854	0.41039	0.085051	0.28919	0.31982	0.018969	0.42791	0.39878	0.79199	0.34923	0.39466	0.081649	0.79886	0.4781	0.043465	0.70315	0.92783	0.46637	0.66261	0.88576	0.17528	0.79984	0.55479	0.78686	0.97195	0.1232	0.088907	0.57919	0.88083	0.43551	0.58998	0.91635	0.16612	0.92513	0.56603	0.59308	0.71945	0.90652	0.88909	0.13574
0.31085	0.14683	0.01278	0.37744	0.024297	0.62535	0.34214	0.56079	0.016733	0.69413	0.043719	0.97842	0.14125	0.59989	0.60951	0.38619	0.24945	0.029707	0.76837	0.64626	0.46721	0.53805	0.17152	0.25218	0.89857	0.2772	0.92258	0.9259	0.53213	0.14381	0.50936	0.48607	0.76223	0.29989	0.88918	0.65439	0.92079	0.24583	0.36578	0.34371	0.85515	0.70423	0.66568	0.52417	0.84643	0.14217	0.43245	0.13391	0.10737	0.40344	0.37044	0.35197	0.73531	0.3069	0.31466	0.04575	0.19079	0.81467	0.97972	0.38549	0.73291	0.8819	0.013484	0.72783	0.68452	0.56444	0.61727	0.88214	0.7928	0.75277	0.057838	0.99534	0.21453	0.76726	0.98415	0.15404	0.15437	0.31182	0.14828	0.80438	0.51737	0.35605	0.27096	0.59354	0.59522	0.18235	0.82046	0.28321	0.33254	0.10672	0.25053	0.12847	0.74058	0.52453	0.094593	0.57318	0.64721	0.94127	0.077441	0.55395
0.45486	0.85192	0.44144	0.84031	0.017671	0.48542	0.20098	0.5757	0.15078	0.2833	0.40469	0.97262	0.87301	0.11903	0.65046	0.32328	0.83052	0.32088	0.95718	0.39486	0.038428	0.18866	0.44385	0.092773	0.92366	0.98436	0.11702	0.20932	0.75132	0.082497	0.82149	0.020914	0.65086	0.44961	0.9656	0.018134	0.24583	0.76275	0.93474	0.017781	0.76645	0.94782	0.80952	0.86227	0.012762	0.39885	0.66424	0.12914	0.95338	0.78981	0.41246	0.37764	0.3153	0.26067	0.60144	0.096916	0.77348	0.6271	0.8522	0.89693	0.65581	0.42419	0.4295	0.4599	0.41738	0.29585	0.80703	0.0084168	0.8538	0.41943	0.20267	0.53434	0.17716	0.62817	0.30927	0.896	0.36789	0.853	0.55533	0.68268	0.28199	0.41698	0.55984	0.83424	0.072476	0.96617	0.19247	0.96411	0.97179	0.76774	0.44994	0.89475	0.74993	0.16601	0.84392	0.15971	0.087775	0.67367	0.65995	0.56418
0.20906	0.5892	0.015946	0.69368	0.381	0.35011	0.4277	0.11735	0.34897	0.87131	0.27179	0.1599	0.76251	0.98472	0.16479	0.72822	0.85178	0.2191	0.43946	0.86829	0.50389	0.13175	0.83174	0.78324	0.57637	0.38873	0.39434	0.52873	0.15368	0.54577	0.79027	0.66903	0.16194	0.28948	0.62613	0.15191	0.36578	0.93474	0.2116	0.73077	0.75243	0.074111	0.64097	0.1372	0.72161	0.28631	0.8192	0.7368	0.64368	0.91805	0.73703	0.68461	0.43072	0.76435	0.38029	0.18785	0.42643	0.72114	0.97554	0.23819	0.80975	0.63476	0.05141	0.85843	0.6357	0.29616	0.78387	0.66927	0.48788	0.98271	0.71745	0.12629	0.8839	0.494	0.99953	0.47959	0.37571	0.48307	0.12014	0.68851	0.74758	0.38943	0.7289	0.8531	0.89644	0.25563	0.55296	0.66073	0.69453	0.96045	0.41571	0.76207	0.090048	0.58262	0.095332	0.70085	0.84379	0.80969	0.39682	0.3513
0.24887	0.80793	0.10225	0.0029973	0.70993	0.50194	0.29263	0.41208	0.23434	0.80786	0.49307	0.099752	0.2051	0.60975	0.62968	0.10241	0.035461	0.92455	0.34751	0.72453	0.69806	0.11992	0.83514	0.95658	0.063542	0.59038	0.79164	0.20288	0.95662	0.20773	0.64657	0.046091	0.95376	0.69706	0.45539	0.72481	0.34371	0.017781	0.73077	0.75659	0.68667	0.22683	0.15738	0.27333	0.30401	0.86163	0.19876	0.029333	0.11536	0.22662	0.92675	0.37785	0.8599	0.032257	0.27934	0.37676	0.35238	0.11788	0.65915	0.62946	0.56067	0.67515	0.28906	0.1398	0.31244	0.10071	0.34971	0.49734	0.32884	0.95137	0.029334	0.74951	0.99087	0.67768	0.94684	0.60455	0.76949	0.65328	0.28457	0.63023	0.6871	0.19021	0.33959	0.97572	0.13322	0.80269	0.80741	0.87445	0.62106	0.93627	0.22663	0.42765	0.83073	0.24288	0.8299	0.27554	0.3836	0.4387	0.13967	0.30867
0.96136	0.37114	0.61175	0.2725	0.65839	0.37591	0.44381	0.42726	0.68273	0.68596	0.97692	0.29957	0.0014191	0.73006	0.8832	0.98052	0.44804	0.78437	0.097004	0.011892	0.78967	0.63768	0.68567	0.69033	0.2284	0.58662	0.90592	0.068214	0.18023	0.23234	0.15705	0.18058	0.34544	0.95735	0.53798	0.33429	0.85515	0.76645	0.75243	0.68667	0.99076	0.77241	0.034535	0.35212	0.72497	0.40851	0.82569	0.018455	0.76472	0.75844	0.32586	0.35156	0.57575	0.63338	0.015095	0.84026	0.018182	0.17121	0.10442	0.48243	0.36488	0.36734	0.48568	0.42087	0.32604	0.42086	0.69719	0.14386	0.90753	0.81128	0.2709	0.90501	0.58411	0.19865	0.66828	0.83814	0.23402	0.65305	0.10346	0.67388	0.3273	0.86148	0.55421	0.85314	0.89732	0.17663	0.4282	0.78405	0.30958	0.997	0.11503	0.55427	0.47154	0.81215	0.60958	0.30965	0.49324	0.39179	0.1647	0.68107
0.91627	0.6448	0.17846	0.3616	0.55336	0.60701	0.33663	0.1336	0.16582	0.10686	0.58988	0.71419	0.94638	0.80721	0.93663	0.83519	0.093718	0.37968	0.62104	0.46319	0.7275	0.16558	0.85774	0.11031	0.59592	0.33432	0.17712	0.81821	0.39874	0.56321	0.40842	0.35389	0.97059	0.7239	0.37328	0.40078	0.70423	0.94782	0.074111	0.22683	0.77241	0.6517	0.87386	0.99572	0.35201	0.56066	0.050443	0.44611	0.98239	0.21418	0.43648	0.55259	0.22415	0.1107	0.66885	0.69748	0.485	0.34365	0.95769	0.76079	0.73001	0.63334	0.44796	0.48131	0.083034	0.49728	0.21499	0.56162	0.23819	0.38732	0.79741	0.002591	0.37843	0.12457	0.945	0.73981	0.053605	0.59081	0.79981	0.11926	0.14774	0.26789	0.75983	0.75035	0.69283	0.54951	0.55031	0.23122	0.55897	0.040059	0.53468	0.23068	0.21304	0.88411	0.95514	0.35661	0.093009	0.74392	0.039124	0.36289
0.082589	0.49926	0.71383	0.42374	0.76609	0.14142	0.52709	0.059295	0.24628	0.43448	0.07484	0.9106	0.75478	0.046467	0.23071	0.78744	0.99317	0.24888	0.38097	0.61168	0.65368	0.64778	0.62584	0.89287	0.72098	0.64122	0.11487	0.45113	0.54164	0.77582	0.70527	0.87709	0.058498	0.13091	0.88667	0.73168	0.66568	0.80952	0.64097	0.15738	0.034535	0.87386	0.3874	0.1977	0.0038457	0.67909	0.07902	0.3379	0.26604	0.79284	0.22407	0.73051	0.58755	0.81002	0.3609	0.14003	0.68726	0.46573	0.53107	0.55811	0.62546	0.89541	0.092548	0.73928	0.88782	0.011286	0.78667	0.2689	0.98302	0.78536	0.67781	0.90956	0.27936	0.76694	0.080118	0.3218	0.53602	0.93546	0.48271	0.19103	0.63995	0.52597	0.48865	0.32658	0.17214	0.0056792	0.69269	0.4276	0.95017	0.84987	0.10243	0.58571	0.83475	0.45708	0.9704	0.86306	0.93084	0.27775	0.93914	0.44201
0.086711	0.99198	0.94316	0.70958	0.1963	0.59985	0.97628	0.63437	0.62608	0.64942	0.15535	0.96765	0.90103	0.65495	0.60984	0.47054	0.60955	0.31107	0.063945	0.12043	0.97649	0.070909	0.36646	0.96226	0.91445	0.15551	0.030847	0.81256	0.15591	0.12364	0.4466	0.24244	0.16609	0.47329	0.95617	0.40509	0.52417	0.86227	0.1372	0.27333	0.35212	0.99572	0.1977	0.39506	0.14995	0.41899	0.9208	0.41611	0.55775	0.14158	0.77541	0.94451	0.79275	0.47696	0.56815	0.88411	0.61895	0.76973	0.11547	0.18702	0.29752	0.81284	0.40281	0.51295	0.95469	0.00058478	0.010863	0.19409	0.53643	0.84786	0.0025302	0.86397	0.17029	0.068778	0.83154	0.29855	0.24439	0.41225	0.5815	0.91668	0.81292	0.53939	0.087156	0.81304	0.81822	0.51697	0.23962	0.61026	0.26805	0.22976	0.27249	0.72343	0.22311	0.38919	0.48098	0.43615	0.029429	0.95353	0.91635	0.36443
0.64139	0.71807	0.71964	0.38041	0.48163	0.78588	0.094577	0.79188	0.63497	0.26028	0.16402	0.46844	0.017797	0.14465	0.97151	0.015131	0.47404	0.89938	0.49991	0.018092	0.25145	0.94722	0.28402	0.39645	0.4615	0.66105	0.31874	0.44083	0.9266	0.21773	0.25164	0.89735	0.024889	0.58322	0.8502	0.80048	0.84643	0.012762	0.72161	0.30401	0.72497	0.35201	0.0038457	0.14995	0.90644	0.41465	0.51453	0.50352	0.66366	0.25485	0.48012	0.52314	0.64433	0.56715	0.51696	0.52644	0.3487	0.88689	0.75095	0.73734	0.43133	0.85816	0.042794	0.52502	0.45583	0.84414	0.88648	0.90489	0.46657	0.74343	0.18897	0.14903	0.7298	0.82925	0.97862	0.26646	0.41245	0.9894	0.15132	0.80724	0.65978	0.19945	0.66521	0.78819	0.59356	0.71196	0.85079	0.27647	0.62886	0.51911	0.90672	0.044178	0.93579	0.30116	0.46834	0.1133	0.51446	0.98034	0.72238	0.053469
0.80688	0.64687	0.2195	0.89792	0.16349	0.73116	0.057179	0.091994	0.19075	0.82386	0.15528	0.27035	0.52549	0.50814	0.82599	0.20648	0.18397	0.8559	0.78401	0.084492	0.45609	0.4113	0.90292	0.85354	0.16581	0.71881	0.85951	0.33261	0.19411	0.83337	0.044645	0.87913	0.68545	0.54351	0.81772	0.25604	0.14217	0.39885	0.28631	0.86163	0.40851	0.56066	0.67909	0.41899	0.41465	0.58933	0.75538	0.59769	0.74245	0.17474	0.95397	0.10855	0.18568	0.85919	0.33038	0.22432	0.41739	0.95117	0.21364	0.43194	0.032107	0.98713	0.50006	0.42299	0.23315	0.064235	0.93336	0.76026	0.67695	0.80462	0.19152	0.68539	0.24387	0.40246	0.12313	0.58287	0.17584	0.37632	0.53486	0.49172	0.94153	0.31824	0.071566	0.89639	0.62926	0.98485	0.64347	0.93388	0.90609	0.64037	0.46197	0.28708	0.89885	0.16658	0.28483	0.57973	0.99372	0.020972	0.01835	0.14989
0.89923	0.83094	0.11616	0.63262	0.9044	0.36204	0.33503	0.42025	0.76118	0.51708	0.89469	0.061329	0.83183	0.077701	0.77573	0.29705	0.12399	0.40371	0.33885	0.57989	0.071803	0.62251	0.72356	0.56203	0.34488	0.26292	0.33461	0.95406	0.49991	0.34089	0.95861	0.70548	0.51819	0.073844	0.58824	0.26908	0.43245	0.66424	0.8192	0.19876	0.82569	0.050443	0.07902	0.9208	0.51453	0.75538	0.92781	0.40825	0.01327	0.0015901	0.31492	0.23854	0.3592	0.7547	0.90768	0.25263	0.52253	0.37069	0.89488	0.86954	0.41455	0.67731	0.66186	0.7361	0.40501	0.55728	0.37589	0.71023	0.35619	0.72644	0.26555	0.23047	0.99135	0.75382	0.78816	0.202	0.73522	0.62843	0.95332	0.54272	0.20464	0.7616	0.75454	0.05678	0.32406	0.56225	0.27942	0.60349	0.12605	0.34044	0.56215	0.3269	0.51398	0.52423	0.69683	0.18301	0.14868	0.71552	0.5879	0.14222
0.43675	0.37668	0.27413	0.93825	0.2767	0.88498	0.33438	0.18287	0.59942	0.99932	0.14119	0.54614	0.65486	0.56213	0.37407	0.66842	0.54011	0.60766	0.26782	0.81136	0.92001	0.17866	0.20545	0.11708	0.8115	0.45441	0.47573	0.97121	0.18185	0.27074	0.7283	0.15352	0.80862	0.59319	0.22467	0.13987	0.13391	0.12914	0.7368	0.029333	0.018455	0.44611	0.3379	0.41611	0.50352	0.59769	0.40825	0.23235	0.55704	0.28683	0.68813	0.64872	0.11677	0.34524	0.41635	0.89388	0.29786	0.54457	0.40116	0.73164	0.74502	0.036682	0.62182	0.98983	0.98039	0.40493	0.039952	0.32037	0.68482	0.63673	0.62968	0.10491	0.21006	0.75906	0.51568	0.30186	0.69027	0.83122	0.29683	0.79089	0.058846	0.65372	0.78073	0.091839	0.39389	0.63352	0.96709	0.93392	0.022616	0.32183	0.44907	0.85408	0.84083	0.61274	0.13784	0.23766	0.84164	0.73745	0.98846	0.64688
0.76979	0.051383	0.51781	0.65825	0.063741	0.63837	0.4947	0.99379	0.054444	0.16875	0.2093	0.5647	0.9293	0.19953	0.0090432	0.76958	0.89222	0.47785	0.013904	0.87248	0.9965	0.60068	0.20287	0.53799	0.14276	0.83355	0.94405	0.42096	0.40107	0.89088	0.80286	0.98959	0.98533	0.57278	0.21887	0.57302	0.10737	0.95338	0.64368	0.11536	0.76472	0.98239	0.26604	0.55775	0.66366	0.74245	0.01327	0.55704	0.4345	0.14959	0.78928	0.4085	0.41615	0.23596	0.44237	0.34885	0.68564	0.15004	0.40168	0.0061797	0.75214	0.45213	0.4094	0.33441	0.39883	0.39394	0.9759	0.46007	0.23066	0.32934	0.63046	0.63042	0.15701	0.010153	0.26661	0.51211	0.75412	0.31513	0.41649	0.25024	0.74076	0.33446	0.67747	0.2423	0.6964	0.23536	0.60903	0.49634	0.29262	0.24357	0.11456	0.45799	0.19011	0.050841	0.11212	0.8814	0.98455	0.89911	0.60025	0.8878
