1.4379225075244904	-3.2581003084778786	1.6648458242416382	-1.945169746875763	-6.143983602523804	-6.53585809469223	-2.286117434501648	4.627158582210541	-1.6700410842895508	-7.518322169780731	-1.9458781480789185	-8.518084347248077	-4.277363061904907	-1.683231770992279	5.140092492103577	-8.227395117282867	.658989429473877	-2.040657699108124	1.9507373571395874	-3.6314499974250793	-1.6881930828094482	-5.517662942409515	-4.901211619377136	2.901770055294037	-7.863893508911133	-4.786427676677704	-2.8098584413528442	-3.936145603656769	-8.146493196487427	-.8423742651939392	-4.566768050193787	-2.8471623063087463	-4.31339693069458	-6.332292258739471	-6.501591324806213	-6.129925072193146	-8.156657934188843	-3.6324633955955505	-.3726900815963745	.36711639165878296	4.251397132873535	-7.6767866015434265	-2.00776207447052	-1.4574173092842102	-5.457456827163696	-1.5349029898643494	-.6944659948348999	-3.4109602570533752	4.287031650543213	-2.740320861339569	-2.321046471595764	8.789873778820038	1.4779655933380127	3.6314592957496643	-7.266959071159363	-3.433833658695221	-8.734325408935547	10.1348198056221	2.956504702568054	-1.2264307141304016	.9420897960662842	-.6240991950035095	-1.6844075918197632	.24917978048324585	.17511892318725586	-7.315524756908417	-3.886534333229065	-8.391584694385529	-8.506978750228882	.03582388162612915	8.099575161933899	1.2918886542320251	-8.981217384338379	2.222610294818878	-6.170964360237122	5.862282931804657	7.454490423202515	-2.7232441306114197	-5.7279990911483765	-3.448773443698883	-7.684291362762451	-5.858685195446014	.6730388402938843	1.056168258190155	.41585278511047363	.592349112033844	-4.339493632316589	-6.412747919559479	.6005649566650391	1.4108036160469055	.6059244871139526	-.8358076214790344	.7320888042449951	-4.19561904668808	-1.7666467428207397	-5.836851179599762	-3.076355457305908	-4.920583426952362	-7.5212332010269165	-4.886398613452911
-3.2581003084778786	.9224149286746979	-5.778202593326569	-2.785148859024048	7.376217186450958	-7.628103137016296	-6.691217243671417	-7.095160007476807	-5.047194421291351	-3.57860004901886	-2.9687910676002502	-2.6730353832244873	-7.21544474363327	-6.95714795589447	9.952979743480682	-8.63089656829834	3.8557801842689514	-6.789442658424377	9.66241306066513	-3.8650448322296143	4.198645889759064	-3.5181721448898315	9.881615817546844	-8.00908613204956	10.627544462680817	-.8311415910720825	-7.174140989780426	8.862943887710571	-1.2765304446220398	1.7606016397476196	-2.187047302722931	-4.216545104980469	5.068391382694244	-4.405357003211975	-6.87737900018692	.6881768703460693	-1.2703682780265808	-5.220924258232117	-5.894122898578644	.46303510665893555	-3.0057610869407654	-6.635624051094055	-5.455601751804352	-7.75897479057312	-2.6466371417045593	9.76527750492096	7.259900748729706	-8.050911903381348	-.26336997747421265	.43264710903167725	.973514974117279	-5.895015001296997	-7.003481566905975	-3.224640727043152	-7.584839642047882	-7.135827541351318	-4.357267320156097	.33217132091522217	-.3170796036720276	-7.6833226680755615	.8265789151191711	-4.806401610374451	-5.1475823521614075	-4.966028213500977	-3.4246601462364197	-3.3262115716934204	-.16381126642227173	-8.134151697158813	6.27664977312088	-8.767602801322937	-6.50694066286087	-6.012705326080322	-.5871304869651794	-1.3535367250442505	-5.012480795383453	-6.804630994796753	.5454614758491516	-1.5677169561386108	-2.6009028553962708	-1.5439252853393555	-.4506353735923767	-6.482714295387268	-3.4182639718055725	-2.29876446723938	-7.902630507946014	-1.8380917310714722	-7.726832211017609	-2.124629497528076	.3944931626319885	-3.868529438972473	-4.545711576938629	-.7674310207366943	-1.837645709514618	-1.881949782371521	-9.041467010974884	-4.116634368896484	-.12645190954208374	-.5876423120498657	-2.6687493920326233	4.591615438461304
1.6648458242416382	-5.778202593326569	.9518983662128448	-8.296405017375946	5.114043593406677	-4.268070995807648	-1.8428142070770264	-2.839608609676361	-6.486347079277039	-2.2284937500953674	-5.661014556884766	-5.651408851146698	-7.615512013435364	-6.355981171131134	-7.270837068557739	-1.5079898238182068	-4.390699744224548	-.7152915596961975	7.439473628997803	-3.7197152972221375	-8.631307244300842	.46182459592819214	-.03453803062438965	-5.08425372838974	-.1245049238204956	.9484996199607849	-8.454163551330566	2.4102967381477356	-8.640861630439758	-.05537635087966919	-8.228155374526978	-2.8677167296409607	-1.6999696493148804	-1.2512803673744202	.44664812088012695	-2.396626651287079	-3.086069703102112	-7.320181667804718	-4.305302381515503	-7.454570233821869	-7.113675951957703	-1.7506666779518127	-4.678892135620117	-7.822614371776581	-6.643200993537903	-2.4170640110969543	-2.578967332839966	-3.2378806471824646	-.8465808629989624	-7.907569468021393	-2.760960102081299	-3.5966703295707703	1.2770999670028687	-.6023710370063782	-.7215135097503662	-7.907589375972748	-8.36401641368866	-1.5017738938331604	-9.339106559753418	-3.994673430919647	-1.9701863527297974	-7.8043254017829895	-6.264679193496704	.049487173557281494	-5.615689635276794	-4.2349401116371155	1.9377427101135254	5.660622417926788	-8.7644544839859	-3.1230247616767883	-3.0995776653289795	5.849657595157623	-3.5356825590133667	-2.230603277683258	-8.188713073730469	-4.500411689281464	-5.719473958015442	-8.330441772937775	-4.976697206497192	-2.0876445174217224	-4.5424522161483765	-3.534173548221588	-1.0861496925354004	-3.394279658794403	-2.1833893060684204	2.6295759081840515	.9940989017486572	-4.639860570430756	-3.0388306379318237	-8.612936079502106	1.2683820724487305	-7.48436039686203	-8.738720059394836	-7.85869437456131	-5.156427621841431	-8.481306970119476	-8.912024855613708	.1439489722251892	-8.211543560028076	-.2809078097343445
-1.945169746875763	-2.785148859024048	-8.296405017375946	.9460677206516266	.11139529943466187	-8.568509817123413	-4.545047461986542	-8.262483954429626	-.569805920124054	-2.689821243286133	4.098910391330719	7.589045882225037	-2.381343901157379	-.5172598361968994	-1.0253164172172546	-6.518267512321472	9.809532821178436	-4.865583896636963	-4.555972516536713	-2.644787907600403	-4.566572725772858	-8.716543912887573	-3.747513473033905	-2.3381837606430054	-4.046830952167511	-7.0470075607299805	-6.111230790615082	-6.33655321598053	-7.151810705661774	.5929152965545654	-.8058769106864929	4.978450894355774	-.15110427141189575	-3.2482523918151855	-6.778290212154388	-8.621503949165344	-5.578952372074127	-2.0014798641204834	5.345979988574982	-7.164554953575134	-6.499869167804718	-7.905353546142578	-5.377951562404633	-9.181769013404846	-4.524267256259918	-7.58420205116272	.3950689435005188	-3.16026771068573	-7.574082672595978	-8.376221179962158	-.8403906226158142	-7.746352314949036	-3.3983998894691467	-1.4115989208221436	-3.3309733271598816	-.6986287832260132	-8.839076817035675	-6.440640449523926	-8.705158174037933	-8.591132760047913	-4.846369802951813	.5881068706512451	-3.3638851046562195	-8.266454577445984	-6.24455863237381	6.199728488922119	-2.62117999792099	-7.038864254951477	-1.2475715279579163	-.6851823329925537	-3.594779670238495	-.6474364995956421	-.7246101498603821	-6.578649520874023	-1.8467568755149841	7.040824294090271	.7842254042625427	-7.00343918800354	-7.774145305156708	.5778590440750122	-4.697688400745392	7.1788153648376465	-7.749564588069916	-5.2685710191726685	-8.099123537540436	-2.310511350631714	-3.011845290660858	4.531990647315979	-2.566625416278839	-2.995162010192871	-2.306653916835785	9.569570899009705	-8.480137884616852	5.777878522872925	-9.277117908000946	-5.459358096122742	-4.218628227710724	-9.489741802215576	-2.6044506430625916	8.04499614238739
-6.143983602523804	7.376217186450958	5.114043593406677	.11139529943466187	1.6737466156482697	-4.751636207103729	-1.7081218957901	-7.3174479603767395	-3.431408643722534	2.0554352402687073	-6.468361735343933	-5.50884872674942	.3903312683105469	-3.370231807231903	-4.6464444398880005	-2.0099228024482727	-3.2906410694122314	-6.30433315038681	-4.904052138328552	-1.9669714570045471	5.307839870452881	-3.4395567774772644	.23092210292816162	-1.2636006474494934	-3.249833822250366	5.286292135715485	6.723749279975891	3.7761539816856384	.36733150482177734	4.112166225910187	-2.3577605485916138	-4.065297901630402	-3.5086939334869385	-1.874349057674408	-4.983883261680603	-3.1022263169288635	-2.0605883598327637	-4.81516045331955	-2.0536056756973267	-2.6987059712409973	-4.251303434371948	-6.909791886806488	-6.035250544548035	-1.971741259098053	1.1603107452392578	-5.993509471416473	-.35710155963897705	-1.2443912625312805	-2.1461193561553955	-1.8654465079307556	-2.548028349876404	-2.24889475107193	-1.5681157112121582	.6332715153694153	-2.128111481666565	-7.079795181751251	5.15402626991272	-3.2085980772972107	-7.2492674589157104	-7.897065699100494	-5.078387260437012	-5.5505401492118835	-2.0858737230300903	1.6207658648490906	-.48807358741760254	2.6715932488441467	-.9753936529159546	-3.9265080094337463	-3.9373984336853027	-8.33254212141037	-1.3090015649795532	.3861004710197449	-2.1940009593963623	-5.035907685756683	9.827792286872864	.10564941167831421	3.0535812377929688	-4.172207057476044	-.7354832887649536	-2.0518577694892883	-4.56971287727356	.9359889626502991	-3.3948854207992554	-4.404597342014313	-5.641092777252197	-1.700882613658905	-4.6626821756362915	-6.258050262928009	-4.205541372299194	-4.567501962184906	.192022442817688	6.391872823238373	-2.791440010070801	-3.221791446208954	9.752663493156433	1.4057065844535828	-3.1761934757232666	-8.623040616512299	6.314590096473694	-.7026939988136292
-6.53585809469223	-7.628103137016296	-4.268070995807648	-8.568509817123413	-4.751636207103729	1.1608768999576569	-6.161403238773346	-3.0100290775299072	-5.796181380748749	-3.653434634208679	-1.6842010617256165	-1.5593247413635254	.7920532822608948	-5.507553219795227	-1.2815800309181213	-4.680500745773315	-2.771350085735321	-3.4370006322860718	-5.724597275257111	-5.254233360290527	4.936399042606354	1.8811601400375366	-2.1505208611488342	.6014964580535889	-6.379682242870331	-5.975251078605652	-1.7034547924995422	-6.171721935272217	-.7479752898216248	-1.7516566514968872	-.9249640107154846	-8.025853872299194	-3.695884883403778	-1.8448461294174194	.10530060529708862	-1.0095443725585938	9.23453575372696	-2.3811012506484985	-4.1210227608680725	-4.721243143081665	-1.7790400385856628	-2.0443209409713745	-3.181631863117218	-1.0123295783996582	-8.854837357997894	-7.654146313667297	-.1141853928565979	-5.440237760543823	-4.172604739665985	9.505914330482483	-4.556927978992462	-7.47158145904541	-3.4892391562461853	.6103605031967163	-.6393151879310608	10.564720869064331	4.595588982105255	-5.536425471305847	-3.622638523578644	-6.22567892074585	-6.376189172267914	-.07830345630645752	-7.290650427341461	-6.755683660507202	-.48666590452194214	-5.435500502586365	-8.090189278125763	-4.159875869750977	-8.95758193731308	-5.382735848426819	-8.021804392337799	-3.747642755508423	.5840485692024231	-2.87734591960907	8.71961897611618	-2.706301212310791	3.0903130173683167	-3.6374093294143677	-.6457653641700745	-3.554222822189331	6.326775372028351	7.530128121376038	-8.623389542102814	7.656041145324707	-8.643148839473724	-5.348671555519104	-6.334896624088287	-8.615365266799927	-6.723817527294159	-1.2428635358810425	-6.158765614032745	-1.0987277030944824	-3.802987039089203	-4.694745182991028	-9.120936453342438	-7.16788649559021	-7.517437160015106	-8.14798104763031	-5.0354350209236145	-4.043361663818359
-2.286117434501648	-6.691217243671417	-1.8428142070770264	-4.545047461986542	-1.7081218957901	-6.161403238773346	.03417709469795227	-7.332528293132782	-7.884116768836975	5.257613360881805	-5.090438604354858	-4.296016156673431	-5.202933192253113	-6.360184729099274	-2.9961137771606445	-1.3135620951652527	-.43095600605010986	-.5706456303596497	1.866098165512085	3.226345121860504	-7.340707182884216	-5.4336448311805725	.2886166572570801	3.947912037372589	-5.172482132911682	1.4958249926567078	-4.692974805831909	-1.2150844931602478	-.6499747037887573	.5895289778709412	.8094463348388672	-1.4724223017692566	-5.745902180671692	-3.1821349263191223	-6.604083299636841	-3.3805589079856873	-6.197630286216736	-8.328260958194733	.4877619743347168	-.7957565188407898	4.227201819419861	.3344394564628601	-8.31302809715271	-3.577207028865814	-4.284943461418152	-3.896487295627594	-.6144247055053711	-9.04015702009201	-5.359127163887024	-5.937362015247345	-4.374984979629517	-2.1590327620506287	.05244123935699463	-1.9964976906776428	4.2055230140686035	-4.520565211772919	-5.595221161842346	-4.4023244976997375	-5.954504728317261	5.973084986209869	-1.4554957151412964	-9.18151479959488	-8.20913314819336	-6.348797500133514	-8.055787205696106	-7.387108147144318	-2.3255131244659424	4.87139230966568	-6.813148856163025	-5.176636278629303	-7.37450647354126	.06645470857620239	-9.299907326698303	-1.6402481198310852	-8.371310949325562	-5.958739697933197	-8.259287714958191	-2.3788347840309143	-2.6660852432250977	-7.480374991893768	-7.371038556098938	-5.83215457201004	-1.0845739841461182	-6.0588149428367615	-.7670568227767944	4.643042027950287	-6.818732738494873	-.4917280077934265	-2.2970129251480103	-1.0551126599311829	-8.067353010177612	-2.5172123312950134	-.5439757108688354	-2.3517284989356995	-5.426687240600586	-6.266920745372772	.40996253490448	-.32328253984451294	-2.031073808670044	.5308142304420471
4.627158582210541	-7.095160007476807	-2.839608609676361	-8.262483954429626	-7.3174479603767395	-3.0100290775299072	-7.332528293132782	.039239317178726196	-8.28146606683731	-3.318103551864624	-4.328959167003632	-.03870999813079834	-2.9957597851753235	-8.895099639892578	-4.896224915981293	2.4879640340805054	-4.393673956394196	-8.612610101699829	-6.079392611980438	-5.210135340690613	-1.716480553150177	-7.249260425567627	-5.054792821407318	-7.727551579475403	-4.673224985599518	-4.078793287277222	-1.7555920481681824	-1.3492578268051147	-5.456351101398468	4.551806449890137	-.262417733669281	-4.5037819147109985	-6.507326185703278	-8.105813264846802	-6.943983256816864	-7.966331362724304	-9.032265961170197	-7.279496669769287	-2.3477129340171814	-4.811918377876282	2.732440412044525	-9.50470519065857	.15963298082351685	-9.118484854698181	-6.4954946637153625	1.7973575592041016	-4.998666703701019	-7.420027375221252	-.8098822236061096	-.008379220962524414	-8.74991911649704	-8.909722208976746	-6.631681740283966	-7.848978519439697	-5.262642323970795	-4.393050312995911	8.025373876094818	-5.771620512008667	-8.587190330028534	-5.990922331809998	-1.460846722126007	-6.521727561950684	-.04637807607650757	-8.592803597450256	-6.086498320102692	-2.871089220046997	-2.3761064410209656	-.05983912944793701	-2.7373841404914856	-7.695987224578857	7.384012758731842	-9.17797863483429	-3.454580843448639	-1.8053205013275146	-8.749968230724335	4.638898491859436	-6.450063526630402	-7.518730163574219	-6.096958100795746	-2.1041418313980103	-5.872330725193024	-4.99472451210022	1.5485485196113586	-5.186213374137878	-1.3220294117927551	-4.308804035186768	-6.974153935909271	-2.6237345933914185	-7.117579996585846	-7.281586408615112	-2.8326069712638855	-.37355363368988037	-7.310801327228546	-.056931495666503906	5.408186972141266	-1.7860733270645142	-6.452535688877106	-5.430066347122192	-8.354860484600067	-8.80837619304657
-1.6700410842895508	-5.047194421291351	-6.486347079277039	-.569805920124054	-3.431408643722534	-5.796181380748749	-7.884116768836975	-8.28146606683731	.5362873375415802	-8.861659705638885	-7.325966477394104	-9.150438606739044	-7.835017919540405	9.129039824008942	-8.019689440727234	-.7251363396644592	-4.484511375427246	-.2788316607475281	-3.202605366706848	-4.903757870197296	-.2095320224761963	-4.168587148189545	-.16823232173919678	-1.710534155368805	7.038687229156494	9.631343185901642	-5.21692430973053	.8898741602897644	.5755150318145752	-.030713021755218506	-5.046496272087097	-3.460748255252838	-2.782703399658203	-.9577953219413757	-4.892849087715149	.28270357847213745	-1.2342712879180908	-5.68243545293808	-.42059457302093506	-1.3844700455665588	-2.257765293121338	-4.294782340526581	-6.363680481910706	-9.219898521900177	-.6276605129241943	-.020727097988128662	-5.9160155057907104	-2.687265932559967	-6.17995548248291	4.449971973896027	-3.8720942735671997	-.15943604707717896	2.6722028255462646	-6.114435613155365	5.482377648353577	2.1284226775169373	-.3271059989929199	-4.3158175349235535	-8.270141243934631	-9.624287903308868	-4.292200803756714	-7.704283654689789	-9.069653391838074	-8.236720621585846	9.038576126098633	-.10631102323532104	-8.519247174263	-5.749707996845245	-4.21276593208313	-1.7028688788414001	1.2242780923843384	-1.3788872361183167	-9.329491138458252	-6.857543647289276	.8097871541976929	-1.2178252339363098	5.984237909317017	-7.694663941860199	-2.698816180229187	-1.6911435723304749	1.8377351760864258	-.4274255633354187	-6.963214039802551	-7.757643520832062	-3.3618338108062744	-7.436016499996185	-3.26129949092865	-2.8634310364723206	-2.175076961517334	-9.095741927623749	.8721984624862671	-4.645041763782501	-3.146000623703003	-6.355149209499359	4.25508987903595	-4.382566034793854	-1.5676345825195312	6.935847103595734	-8.082901120185852	1.7972261309623718
-7.518322169780731	-3.57860004901886	-2.2284937500953674	-2.689821243286133	2.0554352402687073	-3.653434634208679	5.257613360881805	-3.318103551864624	-8.861659705638885	.036584049463272095	-8.353308260440826	-1.8082773685455322	-6.293122947216034	-3.1723917722702026	-4.586658298969269	-5.13048791885376	-5.863835275173187	-1.7581959962844849	-5.716916143894196	-.7807433605194092	-5.89435213804245	-6.464067816734314	-5.365724861621857	-1.9863996505737305	.585968554019928	-7.07156240940094	-3.661563456058502	-7.415242433547974	-5.6856295466423035	-4.185477137565613	-8.630371868610382	-1.6286120414733887	2.0290737748146057	-2.5619765520095825	-4.336175978183746	-5.284528493881226	-2.0463497042655945	-9.1867173910141	-2.771712601184845	-5.090816497802734	9.531398355960846	-6.102973580360413	-2.499054491519928	-2.508230447769165	-.590282142162323	-5.989761233329773	-8.040235340595245	-5.203579425811768	-2.3255147337913513	-8.48996365070343	-3.017874777317047	-7.252852201461792	8.334428608417511	-3.2884563207626343	-8.045803368091583	-8.094342231750488	.055502474308013916	-4.940231919288635	2.6303123831748962	-2.2317726612091064	-8.854736983776093	-.4485253095626831	-6.257654964923859	-.6874213218688965	-.21275705099105835	-.5929385423660278	4.859081208705902	-1.2052457332611084	-5.4746734499931335	-.007565855979919434	-2.5044034123420715	-6.204008102416992	-5.001875340938568	-5.009118676185608	-1.5273690819740295	-2.480400323867798	-9.076650321483612	-7.175050616264343	3.525963008403778	-4.662168979644775	-7.667809426784515	.3283175230026245	-3.8342142701148987	-3.411240339279175	.053687870502471924	.6676727533340454	-1.2139189839363098	-5.376845359802246	-3.5508913397789	-8.48541510105133	.023994863033294678	-8.89864468574524	.3963215947151184	-7.532618403434753	-2.630787670612335	-3.4598536491394043	-3.4758281111717224	-7.276976704597473	-2.9766674637794495	-.8903672695159912
-1.9458781480789185	-2.9687910676002502	-5.661014556884766	4.098910391330719	-6.468361735343933	-1.6842010617256165	-5.090438604354858	-4.328959167003632	-7.325966477394104	-8.353308260440826	1.828804761171341	-3.370318591594696	6.881726622581482	-6.091263592243195	-.13115763664245605	-5.45080703496933	-3.2157572507858276	-4.748211920261383	-6.992654800415039	-8.354213416576385	7.214503169059753	-5.852132141590118	-.9359352588653564	-5.659456193447113	-1.145912528038025	-3.9111419320106506	-7.753540515899658	4.8641164898872375	-2.5988231897354126	6.99339884519577	.11452698707580566	.8036018013954163	-4.19507110118866	-.12123686075210571	-4.559821128845215	-5.100582778453827	-4.250146985054016	6.782731711864471	-5.68338418006897	-4.907824456691742	-6.609815001487732	-4.064531862735748	-2.482297420501709	-4.180440127849579	-8.665737748146057	-3.818606197834015	1.1073429584503174	-3.4368013739585876	.8788987398147583	10.651062905788422	-6.701145172119141	-8.354459464550018	-1.5062400102615356	-6.316962540149689	-3.435654878616333	-8.72327035665512	6.555738091468811	-4.004237711429596	.9940848350524902	-8.148519694805145	8.333326697349548	-2.89055997133255	-3.094115972518921	-5.5040478110313416	-1.7790039777755737	-5.982093870639801	.7044668197631836	-5.13537472486496	-7.776432156562805	1.1105038523674011	-8.009153604507446	-4.81282514333725	-1.309409499168396	-7.656040728092194	-3.0782999992370605	-5.434653460979462	-2.699286103248596	-2.335743725299835	-8.18125605583191	-4.4801687598228455	-.7039355039596558	-3.3214884400367737	-7.971891403198242	-4.212859809398651	-2.0333796739578247	-3.423150360584259	3.0297133922576904	-1.6335200667381287	-.615414023399353	.30427783727645874	-2.2033581733703613	-4.183372676372528	-2.6112323999404907	-6.01743870973587	-.5954835414886475	.8028045296669006	-7.181052088737488	-5.417902052402496	.890873908996582	-5.1064459681510925
-8.518084347248077	-2.6730353832244873	-5.651408851146698	7.589045882225037	-5.50884872674942	-1.5593247413635254	-4.296016156673431	-.03870999813079834	-9.150438606739044	-1.8082773685455322	-3.370318591594696	.11383333802223206	-6.327605783939362	-5.771161794662476	-6.306646049022675	-8.239683508872986	-5.367655575275421	-2.621164321899414	-2.4671544432640076	-4.1847769021987915	6.11027330160141	-9.0372793674469	4.437038242816925	-7.744597315788269	-3.3997395634651184	-4.215124607086182	-8.574109494686127	-6.3759928941726685	-.3870130181312561	-6.923559904098511	-1.1281000971794128	-2.1793664693832397	-4.089889347553253	-8.832812309265137	-7.640521943569183	-2.101800560951233	-5.01135927438736	-2.5926010608673096	.7943256497383118	-7.890182375907898	.8153130412101746	-4.660262584686279	-2.2371925711631775	-4.794328808784485	-6.189034998416901	-.8788754940032959	-7.858672797679901	-3.0201114416122437	-6.915089428424835	-2.8053855895996094	-5.044297158718109	-7.932581543922424	-7.080684721469879	-.7887308597564697	-8.509458720684052	.9909049272537231	-6.4964287877082825	-8.797966480255127	-5.351386487483978	-9.542437672615051	-4.081327974796295	-2.000389814376831	-2.4397704005241394	-8.093949675559998	-7.628412067890167	-8.089665412902832	-.5573863387107849	1.3033488988876343	6.679640710353851	-7.36395001411438	-7.290721118450165	-8.808366656303406	-4.9951213002204895	-.5540175437927246	-3.670597493648529	-9.014850735664368	-5.16154819726944	-2.401384115219116	-.5627991557121277	-6.4829124212265015	-4.765013515949249	-7.986433029174805	.1913042664527893	-3.163540482521057	-2.703039228916168	-4.80653977394104	-3.115867793560028	-5.745028376579285	-5.0909207463264465	-4.604197025299072	-4.69873183965683	-1.356099247932434	-.27735191583633423	-5.945139646530151	-8.669165313243866	2.9809690713882446	.3899499773979187	-6.546469688415527	-9.177131593227386	-.8527809381484985
-4.277363061904907	-7.21544474363327	-7.615512013435364	-2.381343901157379	.3903312683105469	.7920532822608948	-5.202933192253113	-2.9957597851753235	-7.835017919540405	-6.293122947216034	6.881726622581482	-6.327605783939362	1.099641352891922	4.327034294605255	-7.4364296197891235	-.904529869556427	2.584458589553833	.1635323166847229	-1.8958500623703003	6.798180997371674	-5.32111930847168	-.1493341326713562	-6.231243252754211	-.6150558590888977	-6.354531526565552	-2.955620229244232	-4.633588194847107	6.625473916530609	1.1589655876159668	-5.422623336315155	.8086751699447632	-7.604070007801056	-5.104907751083374	1.1309919953346252	-8.030979037284851	-5.524207651615143	.014920234680175781	-6.842930972576141	-7.2077876329422	-5.405263721942902	-5.100752115249634	-7.950166165828705	.6536766290664673	-.2704926133155823	-6.867024898529053	-1.4322296977043152	-3.0311199426651	.6507965922355652	-4.260521650314331	-3.4945048689842224	-5.947296977043152	1.7201151251792908	-2.3350143432617188	-.3843671679496765	-2.771185040473938	-8.063330471515656	-1.4870483875274658	-3.2193092703819275	-1.8109506368637085	-4.765763342380524	-2.4715676307678223	-5.565066039562225	-2.3972212076187134	9.028038680553436	-6.167539358139038	-4.76373952627182	.9762898683547974	-5.988381922245026	-3.0935792922973633	-2.0119239687919617	-4.237841725349426	-3.7962873578071594	-2.673576593399048	-.18883079290390015	-5.281376242637634	-2.754869520664215	-4.252318859100342	-7.4344136118888855	-.48103487491607666	.9456250071525574	-6.861117124557495	-3.4774932265281677	-.3891247510910034	-4.919230043888092	-8.733430862426758	-1.7138826251029968	-6.6741639375686646	-8.561165630817413	-6.57049298286438	-1.0345119833946228	-4.76150643825531	.1176576018333435	-.5569348335266113	-8.403553664684296	-1.22396719455719	.07152432203292847	-5.126411199569702	-1.1865472197532654	-3.922447085380554	-2.0919604897499084
-1.683231770992279	-6.95714795589447	-6.355981171131134	-.5172598361968994	-3.370231807231903	-5.507553219795227	-6.360184729099274	-8.895099639892578	9.129039824008942	-3.1723917722702026	-6.091263592243195	-5.771161794662476	4.327034294605255	1.6114260256290436	-7.25290447473526	-1.8296129703521729	-2.629316985607147	-8.089088320732117	-3.7673023343086243	-4.47106409072876	-3.0696086287498474	-2.2238999605178833	10.308635652065277	10.210501909255981	-6.132363498210907	-7.936603903770447	.2370554804801941	-6.687075614929199	-1.939712941646576	-2.316372513771057	10.882642209529877	-2.4595119953155518	-7.112811744213104	.8962546586990356	-1.428005039691925	-2.999202251434326	-3.287463128566742	-6.7687541246414185	-.7969980835914612	-2.7483460903167725	-1.379743754863739	-1.3390477895736694	-.3957846760749817	-3.4020729064941406	.39837127923965454	8.021982550621033	-1.8557735085487366	4.638433218002319	-1.2266165614128113	-7.312921404838562	-8.408959209918976	2.0628085136413574	-8.105354249477386	-8.513010144233704	-2.7785473465919495	-8.301615476608276	.06873780488967896	-4.117651343345642	-3.8195794224739075	-1.192936897277832	.743840754032135	2.3855451345443726	-3.9095578789711	-.36780858039855957	-1.2558876872062683	1.2326022386550903	-3.0890710949897766	1.195436954498291	-3.245938241481781	-3.6949492692947388	-1.9524183869361877	-6.65633749961853	-3.947075068950653	-2.6981958150863647	-8.288235008716583	-.9541988372802734	-4.5009607672691345	-3.8389660120010376	-3.470117151737213	.9397313594818115	-8.235781371593475	10.732044339179993	-3.5972469449043274	-6.870848178863525	-.18187135457992554	-7.302852749824524	-8.385017454624176	-8.769543409347534	-6.337338626384735	-4.256462454795837	-3.805657684803009	-3.330389976501465	1.316310465335846	-7.014832139015198	.5211424231529236	-2.7709782123565674	-5.951453864574432	-5.365376353263855	1.1876069903373718	-4.155578136444092
5.140092492103577	9.952979743480682	-7.270837068557739	-1.0253164172172546	-4.6464444398880005	-1.2815800309181213	-2.9961137771606445	-4.896224915981293	-8.019689440727234	-4.586658298969269	-.13115763664245605	-6.306646049022675	-7.4364296197891235	-7.25290447473526	1.9772608578205109	-2.2668926119804382	-6.641587853431702	-.0961349606513977	-5.245183706283569	-2.7948870062828064	7.104636311531067	-7.846859991550446	.6814546585083008	-5.163682639598846	-3.445186734199524	1.5317980647087097	-1.1856653690338135	-8.470752656459808	-.7960008382797241	-6.119645655155182	-.2396712303161621	-3.957124888896942	-7.701773285865784	-5.36204320192337	-8.161776304244995	-5.210506856441498	-5.681119799613953	.7642611861228943	-.8119049072265625	-8.118410766124725	.717070460319519	-2.088693916797638	-6.869317293167114	.42872148752212524	-4.101990103721619	-5.154612123966217	-7.2232346534729	1.084393322467804	-4.544612526893616	7.118935763835907	-8.113464117050171	-8.15707153081894	-7.344256281852722	-6.007613241672516	.9789762496948242	-.9136540293693542	-.827154278755188	-6.393939316272736	10.691232442855835	7.881235182285309	.07206213474273682	-4.597964823246002	-5.612010478973389	.5256307721138	-5.955261826515198	-1.2039793133735657	-5.979153394699097	-3.6541122794151306	-6.107429385185242	-6.900764524936676	-2.762308120727539	-6.256443679332733	-2.738017201423645	-.30971938371658325	.7420775890350342	.49225717782974243	-4.371500372886658	-1.5629850029945374	-6.097404956817627	10.284556210041046	-5.46887743473053	11.368430316448212	7.6122496128082275	-5.471160352230072	-5.943295359611511	.5965260863304138	5.397835731506348	-7.603810966014862	-.42567455768585205	-3.511815369129181	.7793118953704834	-4.882743775844574	-3.2803338766098022	-4.9129539132118225	-.12082433700561523	-3.4708616137504578	.6293843984603882	-4.214616596698761	1.2818386554718018	-8.127746999263763
-8.227395117282867	-8.63089656829834	-1.5079898238182068	-6.518267512321472	-2.0099228024482727	-4.680500745773315	-1.3135620951652527	2.4879640340805054	-.7251363396644592	-5.13048791885376	-5.45080703496933	-8.239683508872986	-.904529869556427	-1.8296129703521729	-2.2668926119804382	1.4124034941196442	-3.0634618401527405	-4.183604955673218	-5.325581252574921	-8.555406928062439	-2.863532841205597	-2.6522560119628906	.5142346024513245	-2.186562180519104	-2.8922682404518127	-3.8694536685943604	-7.450450122356415	6.412953495979309	-4.560861885547638	5.349067211151123	-5.019012868404388	-4.15413773059845	-4.5295310616493225	-7.21379542350769	4.721082985401154	-2.6317933797836304	-3.2231414914131165	-7.254635810852051	-.4963368773460388	-5.063775658607483	.9031676650047302	-6.777665376663208	-.7567827105522156	-3.4967764616012573	-6.6516411900520325	.3271622657775879	-3.3557257056236267	-7.433542370796204	-4.2001290917396545	-8.043973684310913	-5.939222991466522	-4.035999655723572	-7.382005512714386	-5.286886215209961	-4.394542634487152	-7.078379273414612	-8.429753363132477	-.9175055027008057	10.509211361408234	-6.650341868400574	-1.184253990650177	-8.150003910064697	-4.269525945186615	-.6101027727127075	9.139587819576263	-5.224920988082886	-8.185405433177948	-4.787557005882263	-3.5627811551094055	-5.487288475036621	.003211081027984619	-.9374042749404907	-5.551187574863434	-5.214755296707153	-4.406374156475067	-6.44227397441864	-4.2563565373420715	2.8042874336242676	-8.451819837093353	-7.765850186347961	-8.045536577701569	-7.057418584823608	7.353629410266876	1.3440033197402954	-5.738124668598175	-5.344123840332031	.13051801919937134	9.90211808681488	4.128708779811859	.654803991317749	-8.007445514202118	-6.0171040296554565	-1.715605080127716	-5.673244953155518	-7.3440136313438416	-2.7328158617019653	-2.0406585335731506	-2.592247724533081	9.29897528886795	-.160849928855896
.658989429473877	3.8557801842689514	-4.390699744224548	9.809532821178436	-3.2906410694122314	-2.771350085735321	-.43095600605010986	-4.393673956394196	-4.484511375427246	-5.863835275173187	-3.2157572507858276	-5.367655575275421	2.584458589553833	-2.629316985607147	-6.641587853431702	-3.0634618401527405	1.627358466386795	-.12738770246505737	-4.935202240943909	-4.438059151172638	-8.08478331565857	-7.557334840297699	.5807076692581177	-.17321068048477173	1.159132957458496	10.636974155902863	-2.6846896409988403	-.5197322964668274	-7.834709405899048	.6476169228553772	2.1645408868789673	-1.992089331150055	-2.156215190887451	-2.984696090221405	-1.5137516260147095	-4.701426804065704	-8.909937620162964	-5.448746621608734	-5.790428996086121	-2.3086944222450256	.5192966461181641	-4.49093359708786	-6.805688977241516	-.7277715802192688	-7.549237489700317	-5.993398129940033	-4.159690260887146	.42140763998031616	-6.857788562774658	-.3021485209465027	5.94682252407074	7.609729468822479	-4.725753545761108	-5.305185258388519	-7.178106188774109	-5.5542245507240295	-1.315302848815918	-1.2606260180473328	-5.358267903327942	-8.02730256319046	-4.647005319595337	-8.374830663204193	1.0600849390029907	-2.7849074006080627	-.36545324325561523	-8.13052624464035	-.932386040687561	-7.024121582508087	-1.254887342453003	-3.3649320006370544	.10126984119415283	-.11683231592178345	-6.50482177734375	-6.097884356975555	-6.596332669258118	-3.3128564953804016	7.2743308544158936	-1.1099619269371033	-.36753976345062256	-3.1930657029151917	-3.7143654823303223	-2.270610511302948	-.2802835702896118	.12748879194259644	.03000473976135254	-4.61626809835434	-4.0187071561813354	-6.953548967838287	-7.959416389465332	-6.178489863872528	9.476210474967957	-7.228964626789093	-5.132885217666626	-.5620731711387634	-7.383970618247986	-2.1350985169410706	-.6896815299987793	10.726817429065704	-.9757763147354126	-2.95497065782547
-2.040657699108124	-6.789442658424377	-.7152915596961975	-4.865583896636963	-6.30433315038681	-3.4370006322860718	-.5706456303596497	-8.612610101699829	-.2788316607475281	-1.7581959962844849	-4.748211920261383	-2.621164321899414	.1635323166847229	-8.089088320732117	-.0961349606513977	-4.183604955673218	-.12738770246505737	.8320581018924713	-4.895409166812897	-7.172485589981079	-8.283828437328339	-7.178243517875671	-1.6998270153999329	-5.598448276519775	-4.938120782375336	-1.1998921632766724	-5.945220053195953	5.9662697315216064	-7.435152232646942	.06403124332427979	-5.501278221607208	-3.1334218978881836	-1.380452573299408	-6.736387848854065	.7242226004600525	-4.6492931842803955	.10579997301101685	-2.1805561780929565	.8947955965995789	8.61708116531372	-7.876846253871918	-6.905497670173645	-8.39538198709488	-5.888803243637085	-.02474135160446167	-7.18397843837738	-1.5120938420295715	-1.9275054931640625	-8.595758855342865	-1.2526317834854126	3.0782904028892517	-4.668764352798462	-6.924920737743378	-2.3900831937789917	-5.081809818744659	.3553767204284668	-8.69002240896225	-3.7450753450393677	4.918188989162445	-2.4525554180145264	-2.927257716655731	-5.9145931005477905	-2.033590614795685	-.2085886001586914	-3.796843945980072	-8.27198851108551	8.787887990474701	-1.7504303455352783	-.09864681959152222	-9.045105814933777	-.9460495114326477	4.409407138824463	-4.537805497646332	-3.1444064378738403	.7415866255760193	.3804819583892822	-4.740357577800751	-5.741093993186951	-.2571747899055481	5.44129753112793	-3.018864095211029	-8.595239281654358	-5.2758908867836	-2.1638224124908447	-5.888034522533417	-2.133905291557312	-1.764329731464386	-5.177858829498291	-3.330351769924164	-7.279272198677063	-5.9290953278541565	-3.034222364425659	-3.8116971850395203	-8.02676236629486	-.12425261735916138	-1.3098783493041992	-5.046975553035736	-3.7731653451919556	-2.9919524788856506	-2.928471803665161
1.9507373571395874	9.66241306066513	7.439473628997803	-4.555972516536713	-4.904052138328552	-5.724597275257111	1.866098165512085	-6.079392611980438	-3.202605366706848	-5.716916143894196	-6.992654800415039	-2.4671544432640076	-1.8958500623703003	-3.7673023343086243	-5.245183706283569	-5.325581252574921	-4.935202240943909	-4.895409166812897	1.232353001832962	-2.7499725222587585	-4.487202286720276	9.731585681438446	-3.7708346843719482	-5.471017301082611	-4.561027407646179	-7.246644079685211	1.206451416015625	-8.815395057201385	-4.343558430671692	-3.4790967106819153	-4.887425661087036	1.5227413773536682	-2.916887640953064	-6.729749262332916	1.1881957054138184	.002559483051300049	-5.627755761146545	-.7420709729194641	.9952661991119385	1.28342205286026	-8.353176951408386	-8.067148268222809	-4.223599433898926	1.521762192249298	4.483936190605164	-5.6418097615242	-2.9357473850250244	-3.0820416808128357	-7.850852370262146	-1.116751253604889	-6.459109783172607	-6.486790835857391	4.080872893333435	-5.934660732746124	-6.852829694747925	-1.763591229915619	.6247540712356567	-.1583433747291565	-3.5578861236572266	-.7989785075187683	-1.981965184211731	-.048846542835235596	-.7877190113067627	-5.74804300069809	-1.376064658164978	.6064152121543884	-1.6688542366027832	.7624452710151672	-8.583972573280334	.4155351519584656	-1.131528615951538	-2.319088399410248	-7.28739058971405	-7.446010649204254	7.449685096740723	-4.172148406505585	-4.8389188051223755	-8.81348830461502	-4.134746789932251	-5.5572938323020935	-2.02768075466156	-4.861031115055084	-.06994390487670898	-7.019263446331024	-2.594948410987854	-4.179764568805695	.5927631855010986	-8.840100705623627	-2.4997671842575073	-4.605931341648102	1.2952079772949219	-6.742278754711151	-4.93458092212677	-5.799016296863556	.5817630290985107	-1.3418254256248474	-1.090856909751892	-1.5698714852333069	-8.041285037994385	.6485517621040344
-3.6314499974250793	-3.8650448322296143	-3.7197152972221375	-2.644787907600403	-1.9669714570045471	-5.254233360290527	3.226345121860504	-5.210135340690613	-4.903757870197296	-.7807433605194092	-8.354213416576385	-4.1847769021987915	6.798180997371674	-4.47106409072876	-2.7948870062828064	-8.555406928062439	-4.438059151172638	-7.172485589981079	-2.7499725222587585	1.1716441214084625	.5453285574913025	-4.865552663803101	-6.99056214094162	.5980430841445923	-8.0593803524971	-2.733064651489258	-7.175019204616547	-7.532101273536682	-3.5407639145851135	-5.304018259048462	-.9111081957817078	9.758549809455872	-.6059144139289856	-.9673905372619629	-.5831674933433533	6.304163813591003	-.22657257318496704	-4.091650724411011	-.25424641370773315	-3.8608964681625366	-3.904752552509308	2.1471147537231445	-4.306730210781097	-5.2051979303359985	-1.688366949558258	10.187077283859253	-6.832965075969696	-2.1533621549606323	.06314820051193237	-8.247458934783936	-4.775883138179779	.710809588432312	-4.836791574954987	-5.224181890487671	4.180372536182404	-.3087886571884155	-1.667544186115265	8.569103240966797	-5.030177056789398	-7.723692536354065	.1831340193748474	-3.7536509037017822	-2.2459718585014343	-4.313992381095886	7.4534632563591	-6.604858875274658	-6.218537747859955	-3.3314582109451294	-6.507984697818756	7.998572587966919	2.4968884587287903	-6.452664732933044	-1.007911503314972	-7.392880439758301	-5.099265992641449	-3.4821163415908813	.9760827422142029	.7605159282684326	-2.8415347933769226	4.19462788105011	-6.970125496387482	.6596283912658691	-.5400375723838806	-4.592170834541321	-4.212808191776276	-6.911668539047241	-2.871104896068573	-.7495559453964233	-2.336010754108429	-.41461753845214844	-2.0179032683372498	-.6250005960464478	-.15717703104019165	-.13370347023010254	-5.061060130596161	-5.459532618522644	-4.492774307727814	-.5047783851623535	-4.119288861751556	-2.590859532356262
-1.6881930828094482	4.198645889759064	-8.631307244300842	-4.566572725772858	5.307839870452881	4.936399042606354	-7.340707182884216	-1.716480553150177	-.2095320224761963	-5.89435213804245	7.214503169059753	6.11027330160141	-5.32111930847168	-3.0696086287498474	7.104636311531067	-2.863532841205597	-8.08478331565857	-8.283828437328339	-4.487202286720276	.5453285574913025	.5411916077136993	.677479088306427	-5.2331119775772095	-7.499500572681427	-1.4728095531463623	1.063179075717926	-2.14635169506073	-1.4200120568275452	-8.327140808105469	-4.769455134868622	-.7179127931594849	-3.446339428424835	-1.4148972034454346	-7.0453380942344666	8.269428849220276	-2.205252707004547	-5.73125696182251	-3.218876540660858	1.1041864156723022	-7.373326599597931	-8.051671743392944	-.8020943999290466	-7.494462847709656	1.6199344992637634	-4.947491645812988	-2.942757785320282	-3.767302632331848	-5.861028492450714	-.5515902042388916	-4.752499997615814	-8.055702567100525	-1.8609543442726135	-.0739893913269043	-6.384946525096893	-2.692243218421936	-8.786886513233185	-9.067484617233276	-7.863840043544769	-8.641341090202332	-9.111298143863678	-8.443269729614258	3.338834583759308	-2.8898736238479614	-6.825217068195343	-4.236562013626099	10.974725306034088	-2.5878041982650757	-7.64135080575943	-7.122227191925049	-.05901211500167847	-7.938807129859924	-6.947211563587189	-1.6804044246673584	8.452160894870758	1.1591073274612427	-9.50824123620987	-7.412131309509277	-5.537959277629852	-1.2770320177078247	-2.920936405658722	-8.504968881607056	-.6644434332847595	-8.455782294273376	4.184026658535004	-3.3486266136169434	5.770645439624786	.2980884313583374	-7.811333000659943	-3.8005874156951904	-4.029872834682465	-3.097023844718933	-5.215426027774811	-.20173263549804688	9.063579380512238	-2.870184063911438	-.48021775484085083	-2.1419670581817627	-1.2207874655723572	.46145689487457275	-3.4043532013893127
