.39658215641975403	4.025061599910259	8.671480052173138	-4.985455043613911	-1.9837981536984444	-6.720074661076069	2.327040545642376	-7.97023731470108	8.344195365905762	2.4815815091133118	-2.3125449419021606	-1.5264261364936829	3.9405057430267334	7.3138986229896545	2.3987804651260376	-4.440445005893707	-.0562891960144043	10.18776923418045	1.2902854681015015	4.786912620067596	9.707265138626099	8.98570066690445	3.303803563117981	-4.410576403141022	-6.773775100708008	2.1419580578804016	-1.641292691230774	.8823100924491882	-6.628377199172974	1.3144393563270569	9.211283326148987	-1.1408854126930237	-8.625156879425049	6.306550323963165	10.564107298851013	-1.9614251255989075	-7.438003301620483	4.239079535007477	-6.574581027030945	-2.438500940799713	8.338295936584473	-3.0279266238212585	8.718497157096863	2.7376405596733093	5.422429800033569	5.776711046695709	2.141034722328186	1.84257310628891	-4.669061183929443	-2.74282044172287	-.7254863977432251	9.164565742015839	4.112590074539185	3.522548735141754	3.9435797929763794	10.301457822322845	-2.667247772216797	-3.3913537859916687	-3.1745816469192505	8.70753401517868	-8.692229509353638	1.1499324440956116	-1.6908715963363647	8.490399301052094	1.589341640472412	-7.698624312877655	-5.394901871681213	-8.542146027088165	-4.3011109828948975	8.910327017307281	10.104379773139954	-1.585231363773346	10.111937522888184	8.938395321369171	9.988064646720886	2.7099592089653015	3.4924886226654053	-3.866677701473236	-6.9133418798446655	-7.966938078403473	3.1773953437805176	-.049142539501190186	-9.010545372962952	7.461408317089081	-1.0892627239227295	-2.273366868495941	-.5960873365402222	-3.2430997490882874	8.828195571899414	-5.901960551738739	-7.234970211982727	-2.0871151089668274	-6.308572053909302	8.676099359989166	5.094717621803284	7.951029717922211	2.372443675994873	-.03265637159347534	7.11117684841156	-7.031802475452423
4.025061599910259	1.8337704241275787	-3.0387454628944397	.6515309810638428	-1.96147221326828	-.1325453519821167	-3.761586010456085	1.5048537254333496	4.6364365220069885	.6051634550094604	2.831129014492035	-.6692702770233154	.3361251950263977	10.25338327884674	9.66365498304367	10.975045204162598	-.5568031668663025	-7.200886368751526	-1.830963671207428	4.421381711959839	2.420481026172638	8.85923683643341	10.648481547832489	8.087891101837158	-1.127591073513031	-7.8976069688797	2.8807381987571716	-3.6258294582366943	-6.220611751079559	-8.079144835472107	5.98146790266037	11.458137512207031	-7.017821729183197	8.352403998374939	-4.487378656864166	8.342904806137085	-1.083735167980194	1.252203106880188	5.841813266277313	5.153655529022217	2.5962353348731995	7.71467387676239	-6.248302519321442	-1.3154819011688232	-7.149846255779266	-3.2546294927597046	3.299341857433319	11.195441246032715	-4.1960644125938416	5.182855010032654	.9256033301353455	-6.540930986404419	4.615722954273224	-2.1294277906417847	3.8145028948783875	.05761575698852539	-5.53974050283432	2.07872474193573	8.502600610256195	5.929741144180298	-6.236734569072723	.17614805698394775	-6.261629402637482	-.8325748443603516	-7.314187467098236	-2.4478145837783813	6.591576039791107	8.062843084335327	-4.141300857067108	5.788562893867493	-5.187355816364288	-7.594759464263916	9.36682516336441	8.08126437664032	-.5579586625099182	-2.972191572189331	3.9835670590400696	-4.08759343624115	7.6696478724479675	-6.395442008972168	-8.34484714269638	8.972113966941833	1.944133222103119	-.30280423164367676	-.7649628520011902	-2.66960608959198	11.332330882549286	2.0519986152648926	-5.531723916530609	.8590115308761597	-3.8713865876197815	10.14668869972229	10.225902378559113	-3.0966352224349976	-1.2857325673103333	4.987308502197266	9.989300310611725	-5.795640587806702	10.66686862707138	9.15509581565857
8.671480052173138	-3.0387454628944397	1.7508175671100616	-7.776985347270966	-3.006842255592346	-5.729507267475128	7.7751171588897705	-3.538080632686615	-5.624364733695984	-8.158340513706207	5.528987884521484	-2.4718863368034363	-1.287324070930481	-3.2477076649665833	1.9809215068817139	2.2284212708473206	-4.166679739952087	3.575328290462494	-4.287600040435791	-.24263876676559448	-1.0261646509170532	4.763587176799774	-2.5769307613372803	10.994022905826569	1.7620898485183716	7.071646630764008	2.540114402770996	4.04894095659256	4.451928973197937	-5.772282898426056	3.077634572982788	-3.939029633998871	9.407549500465393	1.8555168509483337	6.746017932891846	8.244161427021027	-3.1621252298355103	6.6461469531059265	1.311316728591919	6.184634745121002	-3.219070315361023	3.7799662947654724	-1.7953777313232422	-4.612543761730194	-1.661784291267395	1.5984665751457214	7.381439924240112	8.073512136936188	-.8409141302108765	-2.4738526940345764	2.4310641288757324	6.226383984088898	5.175119757652283	8.242390811443329	-1.0640466213226318	-3.110776364803314	-4.4155014753341675	-5.896662771701813	-6.9188947677612305	-1.288371741771698	4.086379885673523	-8.186240494251251	4.5134313106536865	-5.253484666347504	-2.634726881980896	-7.651061594486237	2.451132297515869	-.5030023455619812	-2.1745859384536743	-5.873462498188019	8.043072938919067	.21325832605361938	.575140118598938	8.428478181362152	6.978157043457031	10.439425766468048	6.661265254020691	6.072814643383026	2.3447024822235107	-8.189551293849945	9.553454995155334	-2.6643911004066467	3.739816188812256	3.09897118806839	-1.1213985681533813	4.1228057742118835	-1.3712308406829834	3.512207567691803	6.4051982164382935	-.6078920960426331	6.954371452331543	6.238817512989044	.2777155637741089	-5.1751492619514465	-8.003652811050415	-2.7542189955711365	.5009752511978149	-5.252122461795807	-2.5192904472351074	5.325273334980011
-4.985455043613911	.6515309810638428	-7.776985347270966	1.801274687051773	2.9567636847496033	.7556440830230713	9.15437251329422	2.8304935693740845	7.645149409770966	-1.9161090850830078	-6.430379807949066	3.790486693382263	-1.6884642243385315	.8375413417816162	11.331368267536163	-2.90446937084198	-7.965036690235138	4.839532375335693	-7.7289013266563416	3.190144419670105	3.3016991019248962	3.7926838397979736	8.33845740556717	-5.796582579612732	-3.010388195514679	-4.298426628112793	6.210629522800446	-.5041157007217407	-5.3974533677101135	-4.4555885791778564	-.8482858538627625	7.456400036811829	-.24529963731765747	.1949162483215332	6.122099459171295	.5490149259567261	3.904996335506439	-2.405811071395874	6.137837707996368	5.609849572181702	8.341459453105927	4.172588348388672	-8.119979798793793	-.6060301065444946	-6.584408819675446	-.4783937931060791	4.554152309894562	-4.627737879753113	8.026744544506073	2.315742015838623	8.999528467655182	-3.221692204475403	9.356499135494232	10.484378099441528	-7.951392829418182	-8.094741225242615	7.853036105632782	5.633654594421387	-8.863614022731781	10.652712225914001	8.465513169765472	5.718344449996948	-2.840223491191864	7.323585629463196	-.8715603947639465	2.963728427886963	10.586979448795319	7.670991778373718	-6.503948748111725	-2.9625298976898193	-6.183140456676483	10.195113778114319	-2.0733144879341125	.47149085998535156	3.7883206009864807	9.690080046653748	4.71715635061264	5.333844900131226	4.83968049287796	9.040839314460754	8.587129294872284	3.1505942344665527	7.818046152591705	-1.7299643754959106	.4134964346885681	7.077683687210083	1.438688576221466	-2.1651166677474976	-6.785248577594757	1.3228158950805664	6.894417822360992	2.1740421056747437	6.385364472866058	-1.182673692703247	-1.2850419878959656	8.504491925239563	11.180157363414764	-4.861941814422607	-8.123677670955658	6.8684080839157104
-1.9837981536984444	-1.96147221326828	-3.006842255592346	2.9567636847496033	.9554729759693146	-5.2565619349479675	-7.320966362953186	2.627785384654999	10.727324724197388	7.39887148141861	-1.457011103630066	.43779224157333374	-3.891590118408203	6.03512841463089	-1.0954324007034302	-3.988448917865753	1.0296905040740967	8.389208376407623	-1.0531858205795288	11.082643449306488	9.703996181488037	-1.1720063090324402	4.720937132835388	-2.1807788014411926	5.485758066177368	4.7701244950294495	5.755684018135071	-5.629118502140045	-2.89461612701416	-.6421262621879578	-3.083283543586731	-3.3344581723213196	4.153632879257202	6.379022181034088	-2.484014868736267	3.456314980983734	2.815990924835205	-.5612666010856628	5.671104788780212	6.618384063243866	7.857045412063599	9.38142877817154	-8.085270762443542	6.695877492427826	-8.145139694213867	-1.0373374819755554	4.053926348686218	9.698743999004364	-5.314648866653442	-1.229003369808197	-7.720446944236755	10.14962762594223	-6.743340015411377	7.3998759388923645	7.525630354881287	6.380742728710175	-3.506469488143921	-4.130496919155121	10.078718304634094	-2.919251024723053	-3.428317070007324	.2987135052680969	2.4372910261154175	4.091626346111298	7.402189016342163	-.17314952611923218	5.421111702919006	-.5444498658180237	-2.634152889251709	9.785640060901642	.5306075811386108	6.711765944957733	6.29755711555481	-2.878933846950531	-7.443755030632019	-5.556535303592682	-1.2793045043945312	-2.9347545504570007	2.4379042387008667	8.074657618999481	.33149027824401855	-6.941697537899017	-3.625745177268982	8.917051255702972	-8.266603946685791	8.92024451494217	7.182130217552185	-2.5330775380134583	-5.57853102684021	8.272836744785309	-1.0940970182418823	6.951993405818939	5.016741752624512	-7.788522899150848	7.676859736442566	-7.871693432331085	10.750598669052124	-6.7729286551475525	8.82257616519928	-.6729002594947815
-6.720074661076069	-.1325453519821167	-5.729507267475128	.7556440830230713	-5.2565619349479675	1.876774936914444	4.3751577734947205	9.961745977401733	-1.1160942912101746	-2.5081881284713745	7.644279658794403	-7.064901828765869	-6.734383523464203	5.631013751029968	11.824599206447601	-8.332192182540894	8.48390942811966	-4.946043372154236	-6.260214149951935	3.90908145904541	-5.857760846614838	9.893147826194763	-1.4183269143104553	5.342695951461792	6.485661804676056	4.832852482795715	2.51963347196579	5.133873462677002	-5.36478990316391	-2.2190314531326294	4.5599536299705505	-2.27384352684021	-3.927731692790985	4.790901780128479	5.655209243297577	-2.1117172241210938	-7.62705272436142	9.23344075679779	-6.936359941959381	11.0110604763031	-8.807540595531464	-.7813681364059448	-6.0414751172065735	-1.345757007598877	5.499493658542633	-7.732345700263977	10.28755658864975	5.343404054641724	-6.93940943479538	1.2346950769424438	-6.117782890796661	1.6168127059936523	-3.8254827857017517	4.478824019432068	4.817152440547943	-.6776916980743408	6.656642258167267	10.285868763923645	10.019547641277313	-1.8358244895935059	-2.926689088344574	9.540289759635925	6.128501832485199	8.500019311904907	9.226219952106476	3.6470552682876587	-4.39559680223465	8.387639999389648	6.886792719364166	-2.296483635902405	-.9116960167884827	-5.118091821670532	-7.219445884227753	5.921281933784485	8.01129549741745	7.581639766693115	-8.178494393825531	-1.7019063234329224	7.453883111476898	.4264709949493408	7.596500217914581	10.539701104164124	-4.744638741016388	10.743733406066895	6.099617540836334	6.231736540794373	-6.6268115639686584	-7.454671144485474	1.7165387272834778	-3.7384098768234253	-7.507637798786163	.07460451126098633	11.458921492099762	6.49028480052948	-7.115205824375153	6.603227853775024	.44877511262893677	11.674351334571838	-8.481314957141876	-5.521938323974609
2.327040545642376	-3.761586010456085	7.7751171588897705	9.15437251329422	-7.320966362953186	4.3751577734947205	1.8721664249897003	6.0663774609565735	10.065050482749939	-6.828151524066925	-4.590961217880249	-5.34797328710556	10.22537910938263	-8.224968016147614	11.621027946472168	-3.301550567150116	-5.6954346895217896	7.390716254711151	10.58375334739685	-2.4279603362083435	4.835751175880432	-.1064038872718811	3.543735980987549	-3.176238238811493	7.243680357933044	5.96012419462204	-1.0249640941619873	3.736025393009186	6.079073071479797	-8.259614050388336	4.438627243041992	-.8804394602775574	.5030010938644409	7.779974639415741	-4.308226823806763	.3602924942970276	.021262764930725098	-1.8081336617469788	11.047400951385498	1.7162168622016907	-3.5312420129776	8.078294932842255	-5.016523122787476	9.864274561405182	-6.756136775016785	-1.7973728775978088	-6.997618675231934	10.697226822376251	4.792806506156921	10.91123741865158	6.740283727645874	-7.629469811916351	6.344042420387268	10.305383145809174	-7.673482418060303	.5992115139961243	-1.1073728799819946	-3.3369205594062805	-1.0070445537567139	5.204742968082428	.4345933198928833	9.110974252223969	1.9333839416503906	2.91191703081131	-5.548674702644348	3.5462233424186707	-1.5871212482452393	-5.60427850484848	2.643933892250061	-4.191634714603424	10.127179622650146	-4.421785533428192	-8.08236849308014	-2.8988035321235657	-4.187934637069702	1.175399363040924	7.616107106208801	10.664646089076996	4.102728843688965	-3.5059000849723816	.005901217460632324	1.6966511607170105	2.6431519985198975	6.478835165500641	8.010780930519104	-.47496849298477173	9.445480823516846	-.9913055300712585	5.196114897727966	-2.970635235309601	-2.5005996227264404	-1.5557875037193298	-5.996751666069031	-1.6871386170387268	-4.368490219116211	4.424244225025177	11.233878016471863	2.6242396235466003	5.614697217941284	1.912839949131012
-7.97023731470108	1.5048537254333496	-3.538080632686615	2.8304935693740845	2.627785384654999	9.961745977401733	6.0663774609565735	1.273146539926529	2.207228124141693	-1.7809674739837646	-7.301917731761932	-8.938713431358337	-2.1104400753974915	-7.793720245361328	9.98627382516861	10.003003478050232	-2.7680397629737854	9.548801183700562	8.907037556171417	-2.3697136640548706	-5.201178848743439	-9.097458362579346	10.23814445734024	-8.224650502204895	3.0461363196372986	-1.2747962474822998	6.984904587268829	-4.998147368431091	8.555875957012177	9.94812297821045	-3.760457932949066	-3.5982242822647095	7.520361840724945	.8981425762176514	-1.709429919719696	-3.3577059507369995	1.4766423106193542	-3.5305113792419434	-9.01783412694931	-1.7373467683792114	-.709132730960846	-2.454355001449585	-6.676454246044159	-8.778955817222595	6.3926631808280945	5.671228408813477	.34834009408950806	-.3085218667984009	-5.7404919266700745	8.973863363265991	-1.7760316729545593	5.110661625862122	10.151106536388397	-7.663942813873291	-7.388986051082611	-8.525128483772278	2.0937647223472595	-8.18292498588562	-2.727400481700897	1.8868299722671509	.11476534605026245	7.324814796447754	6.933761656284332	11.352579474449158	4.726742684841156	.537682294845581	3.3908260464668274	-6.171642184257507	-.3379424214363098	-1.9235339164733887	-2.129217565059662	-6.482526898384094	8.857172429561615	6.926212549209595	3.6406596302986145	-1.582821249961853	-.3129737973213196	1.1081008911132812	8.866900503635406	2.1155484914779663	9.449409425258636	-8.398681879043579	5.724736988544464	-7.161648631095886	-.9006608128547668	8.514934062957764	1.7575650811195374	6.745926737785339	9.23343414068222	10.50977635383606	-5.513680160045624	1.480059266090393	4.324289500713348	2.4703054428100586	-7.731149613857269	-5.039146065711975	-1.795147955417633	9.42648959159851	1.4092949032783508	5.433611035346985
8.344195365905762	4.6364365220069885	-5.624364733695984	7.645149409770966	10.727324724197388	-1.1160942912101746	10.065050482749939	2.207228124141693	1.8860755264759064	-1.6091391444206238	.7349103689193726	7.165369689464569	2.708099603652954	-7.372677743434906	9.348671078681946	-3.8420634865760803	-5.606474876403809	-7.628842532634735	9.725619196891785	10.304575145244598	1.0941827297210693	7.848623812198639	9.40133821964264	-6.117187559604645	-6.101121425628662	4.837736427783966	11.88895070552826	-.3483794331550598	11.772395372390747	-2.6598567366600037	8.538493275642395	10.648292005062103	7.039867401123047	-7.49699991941452	7.646291613578796	-4.7646854519844055	1.1211555004119873	-.20915454626083374	-1.1856645345687866	-2.602753698825836	-3.4847779273986816	8.407475769519806	6.559653639793396	-7.712409317493439	-3.96549391746521	1.9678202271461487	5.173689007759094	-6.974328577518463	2.2892980575561523	4.419815838336945	3.831673502922058	3.7435075640678406	-2.5778849124908447	10.216282427310944	4.952003121376038	-5.117311537265778	8.092075824737549	-1.2632023692131042	2.8056129217147827	9.741248786449432	-3.290724515914917	-3.040428102016449	-3.6246479749679565	-2.7294564843177795	9.919160842895508	-2.6166765093803406	-4.53464138507843	-.8778770565986633	-8.663094758987427	11.199153482913971	3.060434937477112	.944607675075531	8.53178358078003	3.7124207615852356	7.935422301292419	5.9305636286735535	6.261547327041626	1.0146170258522034	-2.4854239225387573	-3.386622965335846	2.9567995071411133	-.09475821256637573	-3.0190593004226685	-6.085870563983917	-5.544630289077759	10.063677370548248	.635724663734436	10.43847268819809	-.013310909271240234	-6.528936088085175	6.507675528526306	4.023503959178925	6.406165361404419	-7.917825639247894	-2.787545084953308	6.534640729427338	-6.320442199707031	1.7472894787788391	7.062013506889343	-6.087504208087921
2.4815815091133118	.6051634550094604	-8.158340513706207	-1.9161090850830078	7.39887148141861	-2.5081881284713745	-6.828151524066925	-1.7809674739837646	-1.6091391444206238	1.0046564638614655	-1.8279319405555725	5.517501592636108	-6.904036223888397	6.302291989326477	4.030625522136688	-3.6424736976623535	6.343813002109528	-.8063660860061646	-2.5444069504737854	.4009392261505127	10.058554470539093	9.578860878944397	.9044291377067566	9.972142219543457	1.500869333744049	-7.467136979103088	-4.687868654727936	8.37698245048523	8.307415306568146	3.8541632890701294	1.9506112933158875	1.69962739944458	-6.024798333644867	4.9867924451828	-8.461930334568024	3.849439859390259	-6.404035747051239	2.1921640634536743	-1.4016287922859192	6.857852935791016	-4.1594595313072205	-6.0290504693984985	-4.929580271244049	-3.5747549533843994	2.1932442784309387	5.734953045845032	-4.832466900348663	-1.2821850776672363	-3.5637587904930115	5.728986620903015	10.486818253993988	3.414456605911255	4.383923351764679	5.202745079994202	8.368546187877655	-.9963655471801758	-1.13271564245224	2.8326810598373413	10.505526959896088	-.6697418689727783	-9.031705558300018	7.393880009651184	5.802484691143036	6.392557621002197	8.504275381565094	-4.31806480884552	-3.5145674347877502	7.388958215713501	8.762275516986847	5.684822678565979	10.46104782819748	6.014955520629883	-4.5165552496910095	-7.995223641395569	3.9260467886924744	6.009990453720093	-7.902590453624725	-7.469837069511414	4.226559817790985	2.954324245452881	8.20664793252945	8.357356905937195	8.967506349086761	-6.684086561203003	3.320864498615265	5.962615609169006	-2.6280301213264465	-2.2527151107788086	-7.158634603023529	-3.376045823097229	-5.109427034854889	-5.367589235305786	2.2954333424568176	-5.906979441642761	-5.939147770404816	-1.1164164543151855	2.820702612400055	-1.4830294847488403	-8.383366644382477	-8.011708974838257
-2.3125449419021606	2.831129014492035	5.528987884521484	-6.430379807949066	-1.457011103630066	7.644279658794403	-4.590961217880249	-7.301917731761932	.7349103689193726	-1.8279319405555725	.43230465054512024	-5.519844233989716	.6695626974105835	9.311252772808075	2.709399461746216	-2.5195183157920837	-.09019458293914795	6.477764070034027	-4.259347915649414	7.201041519641876	7.147457957267761	4.635474860668182	-7.911990404129028	-3.7603253722190857	-1.020861029624939	4.757712781429291	-7.352592945098877	-.5743343234062195	-6.3725563287734985	-.2085617184638977	-.09830641746520996	5.616619646549225	-3.5746811628341675	9.579119622707367	7.030007362365723	2.7453368306159973	5.550437808036804	.030607879161834717	2.267150640487671	-1.883312165737152	4.0095754861831665	.5450119376182556	2.5129647254943848	3.9544885754585266	-1.1270166635513306	-1.3174265027046204	8.191704988479614	-5.8016247153282166	.758764386177063	6.086542069911957	8.36141586303711	7.550679504871368	3.567248225212097	8.655049979686737	9.07330584526062	2.7733030915260315	9.465366005897522	-9.03701263666153	-8.018877506256104	-4.765406787395477	.1210254430770874	8.933877170085907	-2.7994725704193115	-.29378265142440796	5.1874858140945435	-2.2382498383522034	-.5815286636352539	-2.5899617075920105	5.03773295879364	-4.916980087757111	10.25256896018982	7.314989149570465	7.748854279518127	6.398357808589935	.8604741096496582	-.3160516619682312	2.3364137411117554	1.7445680499076843	4.799254655838013	-2.1293854117393494	-4.761173129081726	5.6164626479148865	7.134767532348633	7.366381943225861	4.051735758781433	-.8612635731697083	5.8010337352752686	-.9027852416038513	-6.487615942955017	-.5121579766273499	-3.79038667678833	2.970522701740265	-.26600801944732666	-2.4361351132392883	2.108980417251587	6.672035753726959	5.690131306648254	1.9123982787132263	2.6938982009887695	5.712679207324982
-1.5264261364936829	-.6692702770233154	-2.4718863368034363	3.790486693382263	.43779224157333374	-7.064901828765869	-5.34797328710556	-8.938713431358337	7.165369689464569	5.517501592636108	-5.519844233989716	.17504921555519104	-4.541472017765045	2.750501871109009	-5.997576415538788	-5.902626395225525	.6731969714164734	-8.788736343383789	-1.0202178359031677	3.466676115989685	5.281760156154633	8.700334310531616	6.325980007648468	-8.402588725090027	8.693336188793182	-3.4964585304260254	4.749452173709869	8.63136374950409	-8.056979715824127	-2.119654417037964	-5.454452216625214	-1.2613614797592163	-6.823740780353546	2.985714912414551	6.705905020236969	5.164535880088806	-6.6167736649513245	-1.9579994678497314	7.277826130390167	10.526426434516907	-1.6168034672737122	-7.2391886711120605	.9736524224281311	2.3606261014938354	-1.9410787224769592	5.0148890018463135	6.030139267444611	9.919271111488342	-4.158996403217316	6.759983062744141	-.6821689009666443	7.217193007469177	8.442273080348969	-5.793274164199829	-5.2995635867118835	8.32879364490509	.8421608805656433	-7.757492542266846	1.6442027688026428	3.9349201917648315	7.521074712276459	-2.896649122238159	8.077291786670685	4.119740128517151	.9447738528251648	4.2957868576049805	6.499154150485992	-4.582383751869202	-5.7012558579444885	1.7687289714813232	-3.6600953936576843	-7.890018343925476	8.472572982311249	-4.664651393890381	6.5696969628334045	-.22778522968292236	-4.705675661563873	5.344949960708618	8.558099091053009	-2.9294856786727905	-5.985086262226105	6.60484504699707	5.183467924594879	-5.191225647926331	-4.957516729831696	.5522286891937256	-7.807675540447235	-.7745407819747925	5.926776587963104	-5.323946475982666	2.8087287545204163	-4.459521412849426	-4.406486093997955	.1889050006866455	8.593654930591583	-3.247937560081482	-.17123299837112427	5.94887638092041	-3.445633828639984	-6.3163639307022095
3.9405057430267334	.3361251950263977	-1.287324070930481	-1.6884642243385315	-3.891590118408203	-6.734383523464203	10.22537910938263	-2.1104400753974915	2.708099603652954	-6.904036223888397	.6695626974105835	-4.541472017765045	1.7175646126270294	-3.940037429332733	3.8016475439071655	1.2523733973503113	-3.72723650932312	-1.8754166960716248	-7.640633463859558	2.3841041922569275	.1837329864501953	1.8725422024726868	5.052282214164734	6.201828181743622	.15235400199890137	10.816229403018951	3.7528921365737915	-.5511074662208557	-.24721574783325195	9.19166785478592	.6706079244613647	-8.353035271167755	8.419533014297485	-3.11961168050766	-2.5388697385787964	.14290755987167358	7.181836128234863	8.581304371356964	-.4141761064529419	10.40565413236618	.6480309963226318	1.2325873970985413	9.921092629432678	-8.426917135715485	6.239931583404541	8.683541595935822	-6.382245659828186	3.2488924860954285	3.677203416824341	7.616478979587555	-6.789584040641785	8.54947704076767	4.711738586425781	7.7185943722724915	-3.0231515169143677	9.400800883769989	-1.8879692554473877	-3.896159589290619	-2.452638030052185	-6.9147263169288635	.897550106048584	9.984802544116974	4.764180541038513	-4.961374580860138	-3.1768815517425537	-5.40542596578598	11.790817379951477	5.896781384944916	9.11328411102295	-3.641369044780731	-2.5285502672195435	-7.207262814044952	7.446696996688843	-1.683292806148529	-1.0597060918807983	-7.096566259860992	-8.809516429901123	-3.205330550670624	-5.519019722938538	5.246632277965546	5.884621858596802	11.326392233371735	-7.364071726799011	9.727789342403412	6.976316452026367	-3.174367129802704	-6.434278607368469	.4369317889213562	-4.195626497268677	3.007906496524811	3.6584821939468384	9.195531785488129	-6.16642427444458	-7.937638938426971	6.389247298240662	-5.646618187427521	8.139057397842407	2.5736523270606995	-.5706576108932495	.835469663143158
7.3138986229896545	10.25338327884674	-3.2477076649665833	.8375413417816162	6.03512841463089	5.631013751029968	-8.224968016147614	-7.793720245361328	-7.372677743434906	6.302291989326477	9.311252772808075	2.750501871109009	-3.940037429332733	.9921952784061432	-4.530399858951569	3.5411489009857178	-4.659343421459198	10.399664044380188	-.31403523683547974	3.8099188804626465	4.76256662607193	-8.142339825630188	-6.144602835178375	10.492709398269653	10.474061787128448	10.09097445011139	-1.9464800953865051	.4109926223754883	3.0024247765541077	8.16375482082367	10.19286960363388	10.664561033248901	6.2352898716926575	-7.714342951774597	-4.867728054523468	-6.321597576141357	3.155017912387848	10.98371970653534	9.036216676235199	7.499574899673462	7.823071300983429	-7.475760817527771	-7.015767395496368	1.3440818786621094	-5.385610997676849	-.4153553247451782	-2.16973739862442	-7.606252908706665	7.701761543750763	-4.824626803398132	-.6879613995552063	8.843089580535889	10.790206015110016	2.8117445707321167	-3.589543402194977	5.1961987018585205	-7.898658931255341	.9358364343643188	9.958951652050018	-1.1863908767700195	-4.392238080501556	-4.411640763282776	-4.497127115726471	2.7091758251190186	-.4825846552848816	-1.6694687604904175	-.5911415219306946	-7.403050899505615	9.007974684238434	-.584046483039856	1.2242106795310974	-1.811950445175171	-6.78878515958786	3.2124849557876587	-3.713729202747345	-3.2624568939208984	-1.5526127219200134	-5.1258827447891235	8.581794202327728	4.841315984725952	4.709595024585724	10.262849926948547	-.14367467164993286	-2.517050266265869	-.6018323302268982	8.120565295219421	10.973572671413422	-8.669403791427612	-6.69496363401413	-.5090965032577515	6.524783790111542	-1.7161474227905273	-5.1518911719322205	5.391137480735779	-4.3118796944618225	4.270636320114136	5.555644333362579	10.734048008918762	9.338032901287079	9.294060230255127
2.3987804651260376	9.66365498304367	1.9809215068817139	11.331368267536163	-1.0954324007034302	11.824599206447601	11.621027946472168	9.98627382516861	9.348671078681946	4.030625522136688	2.709399461746216	-5.997576415538788	3.8016475439071655	-4.530399858951569	1.8246648609638214	4.719537556171417	8.846306204795837	1.6211397051811218	-1.315927267074585	4.834308207035065	8.854268193244934	-.8999367356300354	9.336163520812988	5.53912478685379	8.224325060844421	-8.03607589006424	-4.820701837539673	1.585146963596344	-1.7740529775619507	-5.6684423089027405	2.9932007789611816	-5.748145282268524	9.738955855369568	-.28269273042678833	2.7538845539093018	-3.606076657772064	8.987899899482727	10.202898919582367	1.9930267333984375	-7.261901557445526	9.526429057121277	-6.140683472156525	-.5926563739776611	-4.56992906332016	1.4716697931289673	-.5813232064247131	-.28203439712524414	.8313520550727844	.9886001348495483	2.1961042284965515	-1.2201879024505615	2.566148340702057	10.02442467212677	4.261606156826019	-8.059033393859863	6.8182366490364075	1.2929495573043823	-1.1380522847175598	2.6520516872406006	8.877839148044586	9.508957505226135	-6.907473146915436	5.32560396194458	5.938498318195343	-.1274172067642212	-4.180750668048859	11.445449113845825	4.143951952457428	.803686261177063	.8504037261009216	1.926076889038086	-.11499184370040894	10.926230311393738	-7.641463577747345	-.2779839038848877	-6.653579652309418	2.3026539087295532	1.5523266196250916	-7.312790393829346	10.303762257099152	6.918247580528259	-3.401538670063019	-7.315610647201538	-8.829697072505951	.41552841663360596	-5.206489622592926	-3.055548667907715	4.293881714344025	8.078615069389343	1.9858013987541199	-7.324169397354126	-.49621671438217163	9.067602753639221	10.247294843196869	-2.0761237144470215	-3.09238737821579	1.9029382467269897	1.795458972454071	8.680226564407349	-3.06182998418808
-4.440445005893707	10.975045204162598	2.2284212708473206	-2.90446937084198	-3.988448917865753	-8.332192182540894	-3.301550567150116	10.003003478050232	-3.8420634865760803	-3.6424736976623535	-2.5195183157920837	-5.902626395225525	1.2523733973503113	3.5411489009857178	4.719537556171417	1.4468020498752594	8.233795583248138	3.0091707706451416	.06855612993240356	1.171603798866272	1.76821631193161	3.3077659606933594	-2.957484185695648	10.050095915794373	-1.9710102677345276	6.53524374961853	3.7436521649360657	6.110613942146301	-8.120663940906525	-3.3458104133605957	-6.954560697078705	-7.023612141609192	2.792827069759369	2.0226967334747314	-3.9823595881462097	-9.154157042503357	.5877611041069031	4.566241264343262	6.285682737827301	6.789474844932556	7.411538064479828	7.199557065963745	-6.359967410564423	.29672443866729736	-3.0249655842781067	8.498510837554932	-1.1044296622276306	10.072852969169617	4.036978185176849	8.621977090835571	-.999034583568573	7.085816979408264	4.138323962688446	9.483713150024414	-4.6019486784935	9.86314332485199	8.586627900600433	9.17423415184021	-7.368799388408661	-8.961195826530457	-4.309577286243439	-5.367311954498291	1.2066999077796936	.1500920057296753	-.7564073204994202	-.43126940727233887	3.7021248936653137	10.684494614601135	1.259748637676239	7.634400367736816	-2.8742846846580505	1.3765701055526733	8.956602990627289	7.845993757247925	5.525749981403351	-.24517810344696045	7.990344703197479	1.2559399604797363	-7.150078237056732	-6.061426281929016	-1.0599856972694397	10.874675989151001	-7.94528740644455	1.6848446130752563	-8.958121120929718	-6.157478332519531	6.464768469333649	-6.314776062965393	-1.8261929154396057	10.85155463218689	4.3822744488716125	7.112746357917786	-6.910355865955353	-6.182514667510986	9.946329653263092	4.4187668561935425	-7.096413195133209	-.19846796989440918	.24232226610183716	3.3798357248306274
-.0562891960144043	-.5568031668663025	-4.166679739952087	-7.965036690235138	1.0296905040740967	8.48390942811966	-5.6954346895217896	-2.7680397629737854	-5.606474876403809	6.343813002109528	-.09019458293914795	.6731969714164734	-3.72723650932312	-4.659343421459198	8.846306204795837	8.233795583248138	.8873181641101837	2.8704331517219543	-4.849453568458557	6.568545043468475	-2.503183126449585	-5.248444497585297	-6.127256274223328	4.560692250728607	-3.6769113540649414	-1.4992305636405945	.2554672956466675	4.396730601787567	2.4886891841888428	7.963472902774811	-8.257496237754822	1.4577025771141052	-3.0874972343444824	-4.869428336620331	-2.2760711908340454	-8.550154030323029	4.608140230178833	-.6896457076072693	-6.104517817497253	.7014688849449158	-3.331686019897461	4.550367176532745	5.867942690849304	1.7098247408866882	9.499212980270386	-5.690710484981537	4.026503205299377	9.937987267971039	4.304877758026123	7.378808319568634	8.640145659446716	6.8617255091667175	6.821575403213501	8.055493414402008	8.22101604938507	5.266378819942474	-7.6978254318237305	10.562672436237335	8.133799433708191	5.793731868267059	6.750520467758179	1.7223058342933655	-6.544905066490173	-.2611103653907776	5.4058098793029785	-1.1231381297111511	5.082790732383728	-3.9028475880622864	5.476966142654419	3.0611916184425354	2.095439076423645	-7.139109194278717	3.12701416015625	4.424403965473175	4.361631274223328	.5664207339286804	-3.2925446033477783	8.901740610599518	5.399372696876526	-5.909121572971344	3.242642879486084	8.136451065540314	-8.51454222202301	1.6990954279899597	-7.835843801498413	-8.348332345485687	-6.985154986381531	8.340473592281342	-8.70482349395752	6.272280514240265	9.110031962394714	9.195860087871552	1.0848615169525146	3.79681259393692	8.480430245399475	8.47442239522934	10.09272050857544	4.919294655323029	6.5317405462265015	9.460523307323456
10.18776923418045	-7.200886368751526	3.575328290462494	4.839532375335693	8.389208376407623	-4.946043372154236	7.390716254711151	9.548801183700562	-7.628842532634735	-.8063660860061646	6.477764070034027	-8.788736343383789	-1.8754166960716248	10.399664044380188	1.6211397051811218	3.0091707706451416	2.8704331517219543	1.0926872789859772	-.6336742043495178	-6.0765039920806885	-3.313229262828827	4.881279110908508	-1.5889824032783508	-5.407736301422119	11.222499907016754	-2.846939206123352	10.948755204677582	-3.4883391857147217	8.109764873981476	-3.4627422094345093	5.90770024061203	-2.827895164489746	6.001824915409088	-6.615849137306213	6.662303388118744	-3.1107914447784424	10.146665871143341	-2.1385964155197144	-4.607320606708527	9.10065507888794	4.371375143527985	-2.624062657356262	6.6939820647239685	-4.086927175521851	.3165166974067688	-8.754193663597107	2.4357792735099792	4.8989105224609375	-3.0794939398765564	6.6220725774765015	-3.1285720467567444	2.1433122158050537	.15398532152175903	8.660680890083313	4.997449100017548	-2.459007740020752	-1.995801866054535	-5.055666089057922	-8.837097227573395	1.3431103229522705	-8.290635287761688	8.154367089271545	1.9287630915641785	-3.045853614807129	-5.756943166255951	3.9926236867904663	-7.822706758975983	7.9787757396698	-6.951427161693573	-5.64667022228241	7.471420466899872	9.518743991851807	7.023312628269196	2.7449692487716675	6.664111077785492	1.7197420597076416	9.753152668476105	10.962158799171448	-5.242254555225372	1.5682811737060547	-4.0031790137290955	9.007522940635681	-7.986506998538971	-8.061432123184204	5.420272171497345	7.263568997383118	5.310687243938446	-5.110620975494385	-1.418937623500824	-4.085437893867493	2.7562007308006287	5.210936784744263	1.1627243161201477	-7.3815997838974	4.543820083141327	9.221783638000488	-.54085773229599	6.428489089012146	.06362098455429077	4.815657377243042
1.2902854681015015	-1.830963671207428	-4.287600040435791	-7.7289013266563416	-1.0531858205795288	-6.260214149951935	10.58375334739685	8.907037556171417	9.725619196891785	-2.5444069504737854	-4.259347915649414	-1.0202178359031677	-7.640633463859558	-.31403523683547974	-1.315927267074585	.06855612993240356	-4.849453568458557	-.6336742043495178	1.5227577984333038	-4.963707149028778	-7.727900147438049	8.921150386333466	2.1500141620635986	-.684137761592865	8.652578473091125	-7.226905882358551	-6.928802490234375	-8.599983870983124	8.967844843864441	-8.321873009204865	-1.085191011428833	-.6348904967308044	-.980404257774353	-2.802532732486725	-4.171263217926025	-4.637307345867157	-7.545745491981506	1.959716022014618	10.016533136367798	-4.083613812923431	2.747346043586731	-2.917267858982086	-8.653210639953613	7.468756020069122	-7.562128186225891	-3.154492676258087	8.212510824203491	-6.821811616420746	2.6126848459243774	4.610041081905365	2.6404919624328613	-4.034235179424286	-7.359135270118713	2.9932157397270203	-1.349308729171753	3.812137186527252	-4.841907382011414	8.288671433925629	-9.134393692016602	-3.6955973505973816	7.301026225090027	-6.86131888628006	-2.6303513050079346	-2.5670213103294373	-.8083251714706421	4.456025540828705	-4.181480884552002	-7.361521899700165	6.67177426815033	-3.4041317105293274	-4.201417684555054	10.108583986759186	-1.712838053703308	-3.2223692536354065	1.4362421035766602	-5.6750752329826355	-1.4778481721878052	1.7568671107292175	-5.74268364906311	-2.1400508284568787	-5.716090559959412	-2.2528606057167053	2.2964119911193848	10.423801243305206	-1.3631731271743774	2.591892421245575	1.4563000202178955	2.1611953377723694	6.786897778511047	5.186328828334808	10.117290496826172	-2.8017088770866394	10.316092371940613	-6.850715935230255	-.003392457962036133	2.43956857919693	2.666732430458069	-3.2548986077308655	-6.7422356605529785	-2.3852970004081726
4.786912620067596	4.421381711959839	-.24263876676559448	3.190144419670105	11.082643449306488	3.90908145904541	-2.4279603362083435	-2.3697136640548706	10.304575145244598	.4009392261505127	7.201041519641876	3.466676115989685	2.3841041922569275	3.8099188804626465	4.834308207035065	1.171603798866272	6.568545043468475	-6.0765039920806885	-4.963707149028778	1.866115003824234	-6.568348467350006	-7.095353841781616	3.695002853870392	-4.154560446739197	5.353511989116669	4.548948287963867	8.370458662509918	-7.080782532691956	6.229691445827484	10.484620809555054	-7.32462614774704	-2.7002838850021362	-3.76311331987381	1.6478819847106934	7.132636606693268	10.513485789299011	-6.603478968143463	.04233288764953613	2.320799171924591	-1.5408529043197632	-4.440880596637726	-3.839167594909668	2.48345285654068	-3.0457340478897095	9.638683259487152	-6.342627763748169	10.388603031635284	-1.4677714109420776	1.0970656275749207	5.268951892852783	2.4380441308021545	-4.510883450508118	3.67834609746933	-7.0125463008880615	-2.9732653498649597	5.18058168888092	-5.60679417848587	-7.518482208251953	3.1521721482276917	6.568721175193787	-5.24669748544693	5.768417119979858	-6.726231753826141	3.018952488899231	9.255645453929901	9.135932445526123	-.5777763724327087	9.346888422966003	-1.8830295205116272	-3.685772657394409	-4.4410969614982605	3.115212082862854	-5.741885006427765	-6.102276802062988	10.185210287570953	8.180551886558533	-3.461607038974762	8.016974210739136	9.201963245868683	-3.5096434354782104	6.239969909191132	-5.739457607269287	5.018768846988678	-2.8702298402786255	.8022379279136658	-.15312743186950684	7.913398087024689	-.3814929723739624	9.80619066953659	3.0461673736572266	10.641161024570465	7.457726836204529	-.791201651096344	.8522622585296631	9.294281780719757	-3.073090434074402	6.827382743358612	-7.095499515533447	10.411273539066315	7.130730509757996
9.707265138626099	2.420481026172638	-1.0261646509170532	3.3016991019248962	9.703996181488037	-5.857760846614838	4.835751175880432	-5.201178848743439	1.0941827297210693	10.058554470539093	7.147457957267761	5.281760156154633	.1837329864501953	4.76256662607193	8.854268193244934	1.76821631193161	-2.503183126449585	-3.313229262828827	-7.727900147438049	-6.568348467350006	1.2096672356128693	5.715888321399689	-4.782540917396545	-8.416816055774689	.6671860218048096	4.611815512180328	11.132271885871887	-5.234601557254791	2.5233230590820312	-4.321248233318329	7.1831358671188354	10.809753596782684	-.33840107917785645	-7.608022153377533	-5.130498290061951	3.156862199306488	-4.5450005531311035	8.044157326221466	-5.503515839576721	8.36940735578537	1.85561203956604	3.167211592197418	8.784237027168274	1.6790174841880798	8.629000663757324	.2041948437690735	7.727328181266785	-6.216858685016632	-7.161419153213501	-.5688309073448181	-6.295885443687439	3.891922891139984	8.579994678497314	9.129079163074493	-.16388285160064697	5.0250765681266785	-8.03451418876648	.005627691745758057	-1.4026039838790894	.5587620139122009	2.358274459838867	7.867150127887726	4.673925280570984	7.0224592089653015	10.856932401657104	-8.459510266780853	11.072968125343323	1.1458434462547302	-6.970242023468018	-3.9551274180412292	-8.517548203468323	-8.844339668750763	5.899151086807251	8.013782560825348	2.8803426027297974	10.322600781917572	-8.82401180267334	-7.633163630962372	-1.605979084968567	-1.241823971271515	-8.25600266456604	-7.768341481685638	6.4096561670303345	2.4615926146507263	5.3941330909729	1.115756332874298	1.9315818548202515	6.616627395153046	10.808951616287231	-7.671605050563812	-8.808329463005066	-.8614974617958069	1.7969856262207031	6.6524723172187805	-7.491291165351868	-.5292394757270813	-7.222880601882935	-3.7336058020591736	-6.602227568626404	8.632139146327972
