1.4011989831924438	-3.7922602966427803	11.405436925590038	3.0847821161150932	-7.1238508224487305	.604407548904419	1.877333164215088	6.9647204875946045	5.632167816162109	-2.1730706691741943	-4.793215274810791	8.157434225082397	4.369708061218262	-8.448214292526245	-2.7538485527038574	5.068669080734253	9.300439834594727	-3.7954862117767334	-5.478443622589111	.3837277889251709	-6.313185691833496	.3395569324493408	5.578653812408447	7.760569334030151	-3.9704360961914062	-3.4222352504730225	1.6701292991638184	9.267308950424194	-.7447977066040039	10.543893098831177	2.443199634552002	6.8197181224823	9.903524398803711	-3.1958959102630615	9.627112865447998	-8.381275415420532	.3151063919067383	-2.1965339183807373	7.720648288726807	-6.412087678909302	6.818805694580078	-4.196546316146851	9.679616451263428	-6.188978433609009	8.91926097869873	3.8194477558135986	-1.3956408500671387	-.03055119514465332	2.4843921661376953	-6.44176459312439	-5.572750568389893	-8.220253229141235	-5.067099571228027	-5.644490003585815	1.600191593170166	7.431124448776245	1.4217681884765625	8.113371133804321	8.782121181488037	3.022947072982788	8.033759117126465	2.2378246784210205	6.526504993438721	7.0022361278533936	7.96491813659668	-2.4237172603607178	1.9688410758972168	-6.3988306522369385	-2.287928581237793	2.3550636768341064	-1.4858412742614746	9.274580717086792	-1.7396736145019531	-6.883107900619507	-.4754815101623535	9.137460470199585	5.270571708679199	7.658398866653442	-2.99348783493042	-3.5975449085235596	8.266977310180664	1.967621088027954	-6.701237201690674	6.817367315292358	.8244943618774414	2.1615021228790283	8.759424686431885	11.102656126022339	1.7563552856445312	3.423391580581665	5.453683376312256	2.388936758041382	3.3015737533569336	-.05945467948913574	1.8412556648254395	-7.345519304275513	-5.687555313110352	5.841625452041626	8.463889598846436	-7.837284326553345
-3.7922602966427803	.2957402467727661	3.913527250289917	-5.285397529602051	3.3652231693267822	2.524374485015869	-.5036184787750244	8.66724967956543	-4.479649305343628	-6.740225315093994	2.7766997814178467	-9.395712852478027	-9.067609548568726	4.257275104522705	5.63607382774353	1.8633613586425781	-.49948763847351074	-7.870087146759033	9.288126707077026	2.317275047302246	-5.825332403182983	7.619631290435791	-3.033987283706665	2.8114871978759766	-6.8569114208221436	-4.465219974517822	-5.390082597732544	-7.3983869552612305	-.9802110195159912	3.687614917755127	6.55455756187439	.790924072265625	-1.9679362773895264	8.831798076629639	-.7833187580108643	5.767848014831543	2.207988977432251	-4.400102138519287	1.7825677394866943	4.643468856811523	-2.436077833175659	-1.5591111183166504	1.8955276012420654	-4.310973167419434	3.292001962661743	-7.442348003387451	-2.656597375869751	-6.226581573486328	4.947648286819458	-8.15552568435669	-7.253934144973755	5.80069637298584	-.36293768882751465	7.824549198150635	-2.7570784091949463	-2.8524303436279297	2.204726457595825	4.5874762535095215	-5.819594621658325	1.1009035110473633	8.420904397964478	-8.27323865890503	8.799484014511108	3.2952194213867188	-8.830858945846558	-7.722683429718018	-7.0768444538116455	-4.849804878234863	6.63376259803772	6.652960300445557	4.643949270248413	.3081645965576172	5.48737645149231	3.5839171409606934	-7.988574266433716	-8.92838191986084	3.078371286392212	-6.945682048797607	1.7196767330169678	-2.1592979431152344	8.618417024612427	3.2396998405456543	.7948253154754639	-6.449280738830566	-4.630035161972046	-7.5554938316345215	4.2825257778167725	6.109628677368164	-8.166252851486206	8.039586544036865	-1.0645363330841064	5.835545539855957	-.06372237205505371	-3.6003031730651855	7.900855779647827	1.8942413330078125	-1.7826488018035889	3.840999126434326	6.407950162887573	1.7366437911987305
11.405436925590038	3.913527250289917	1.462217926979065	6.382307291030884	7.7614665031433105	-2.216993570327759	4.881623268127441	-.016150236129760742	9.117491245269775	4.878727674484253	7.4922332763671875	.10982155799865723	-5.581095218658447	9.135963201522827	4.354750633239746	1.0666191577911377	-2.2163729667663574	-7.363499879837036	-6.598451614379883	10.69579529762268	1.380359172821045	-3.408968210220337	-.4154691696166992	2.811558961868286	7.61608362197876	11.276657819747925	5.562633514404297	4.638275384902954	-1.676435947418213	-5.025615930557251	-2.6106767654418945	-1.7520339488983154	3.948845386505127	9.906622648239136	-1.7999019622802734	9.997808694839478	5.738753795623779	1.174691915512085	-1.1000127792358398	9.967637300491333	3.928396701812744	-1.3036835193634033	3.8510513305664062	-5.602557897567749	6.9286627769470215	8.143127202987671	-7.440117835998535	-8.875130414962769	-5.486278057098389	8.878161191940308	-3.634897232055664	-4.977277517318726	3.0085253715515137	2.893361806869507	-3.8751325607299805	-5.56354022026062	11.476305484771729	-.25292134284973145	-8.095638275146484	.6216967105865479	-5.093924045562744	9.501567602157593	.6633024215698242	2.1817047595977783	10.400131702423096	10.66049075126648	.9434375762939453	-1.4950883388519287	3.361548900604248	4.106416463851929	2.556046485900879	6.202401399612427	8.681684970855713	4.03831934928894	.269439697265625	-4.454585790634155	10.92767858505249	10.909080266952515	2.4964590072631836	9.902846574783325	-6.47005033493042	-1.6370136737823486	-7.018022537231445	10.178751230239868	8.969699382781982	-4.826769113540649	8.490399360656738	-2.7501628398895264	9.966410160064697	-5.820586442947388	-7.506839752197266	9.402969598770142	7.665345668792725	2.2250401973724365	9.856226921081543	-1.227329969406128	4.8250508308410645	-8.904977083206177	2.527597427368164	10.778616189956665
3.0847821161150932	-5.285397529602051	6.382307291030884	.9768420457839966	.030222654342651367	7.289311408996582	4.311023950576782	7.10001802444458	3.637223958969116	10.346946716308594	8.156985521316528	2.797278881072998	5.4083640575408936	6.034846305847168	2.973604440689087	7.2941155433654785	-5.538437128067017	1.4347972869873047	-8.306746244430542	3.4320807456970215	-2.0344784259796143	2.757493019104004	-5.732162237167358	.025383472442626953	-6.672777414321899	-4.719966888427734	-1.6437079906463623	9.298388957977295	7.379429578781128	2.28342342376709	5.012083292007446	8.323118686676025	-4.431812524795532	10.990076065063477	-7.629290342330933	8.456750392913818	-5.85967755317688	1.5013093948364258	-3.662799596786499	-5.220881938934326	8.330941915512085	-1.2651519775390625	-3.726383924484253	-1.4697880744934082	-8.449065446853638	-6.637677192687988	-3.3134515285491943	-7.452321529388428	-1.4255297183990479	9.746770858764648	3.9146206378936768	6.704320430755615	10.726500272750854	-5.119864463806152	3.8159868717193604	-5.654403209686279	-7.929743051528931	-6.679233551025391	1.4558327198028564	-8.272877216339111	-7.405246019363403	.1309194564819336	8.793874979019165	-7.547830104827881	4.4022862911224365	-1.1857433319091797	9.371861696243286	10.909165859222412	7.895930051803589	5.2533464431762695	8.00107216835022	8.709194660186768	-7.032957315444946	-1.3528366088867188	-5.550183057785034	11.123496532440186	9.182762861251831	4.4485883712768555	-7.869062185287476	6.520967960357666	-5.026489496231079	1.3019084930419922	-.2106921672821045	10.805661678314209	-2.1795132160186768	2.9803171157836914	9.189331293106079	-.14571332931518555	5.443174123764038	-2.676586151123047	-1.1975562572479248	-3.0462918281555176	-6.013163805007935	6.174704551696777	-1.5053880214691162	-.7615523338317871	1.2100179195404053	6.319101333618164	5.213834047317505	7.128182888031006
-7.1238508224487305	3.3652231693267822	7.7614665031433105	.030222654342651367	1.9499107599258423	.8857920169830322	-.42955446243286133	-1.4893991947174072	-1.5759954452514648	-1.625878095626831	10.73650598526001	-5.846307039260864	.5499114990234375	8.780802011489868	7.887872219085693	9.275071859359741	-.26184940338134766	3.71886944770813	7.2381672859191895	8.74754023551941	-6.06132698059082	8.930267572402954	-2.979454517364502	-1.5834429264068604	6.3397111892700195	-5.776654005050659	-1.8248076438903809	2.5377376079559326	-5.444721221923828	2.41036057472229	.036824703216552734	-4.785646677017212	-.18732929229736328	-4.755026578903198	4.022190570831299	-.16516804695129395	9.139963150024414	2.359752893447876	4.317569255828857	-1.4897425174713135	-6.446486473083496	3.2036736011505127	3.5662713050842285	-5.4881298542022705	7.245460510253906	7.979616403579712	-5.443861484527588	-2.291433572769165	10.771224021911621	5.581868410110474	-3.092956066131592	10.004399061203003	-3.7629947662353516	-7.466377019882202	4.758391857147217	1.7760770320892334	3.4872865676879883	7.924479722976685	-3.543382167816162	1.3104655742645264	-6.707668304443359	-3.652055501937866	-7.7573113441467285	9.242086172103882	-6.4643144607543945	-4.1610705852508545	8.939602375030518	1.9906165599822998	-4.598325729370117	1.8112528324127197	-.36011171340942383	8.19839072227478	-5.437094688415527	-2.0048606395721436	7.393106937408447	-4.832101106643677	1.367767333984375	9.374719858169556	3.893350124359131	8.299287557601929	10.02793025970459	-.8744685649871826	11.166740894317627	5.527859449386597	-1.1941547393798828	10.552017450332642	-.7410664558410645	-.23842644691467285	11.202244758605957	-3.9749724864959717	-.07738637924194336	6.31854510307312	4.143642425537109	6.9193174839019775	1.3049979209899902	9.364545583724976	11.169833183288574	4.551049470901489	3.6353344917297363	-8.649497270584106
.604407548904419	2.524374485015869	-2.216993570327759	7.289311408996582	.8857920169830322	.8682175874710083	5.392428159713745	9.255450248718262	4.110641717910767	-4.079118251800537	1.7345750331878662	1.7030467987060547	-7.342247724533081	-4.177504062652588	1.6303870677947998	-9.03708553314209	4.741804361343384	10.245731830596924	-3.394012689590454	4.720355987548828	8.625249147415161	2.745032787322998	10.207030057907104	1.6333303451538086	-2.191180944442749	.9412484169006348	-1.3137991428375244	-1.2300472259521484	.21902775764465332	-4.540865421295166	6.690716505050659	3.045994758605957	7.395670175552368	-4.135146617889404	10.949825048446655	10.662384033203125	6.6793224811553955	9.60347318649292	.9623057842254639	6.5427045822143555	-.6011579036712646	3.9364686012268066	-5.316030740737915	-3.2293033599853516	10.058867692947388	6.879220485687256	.21515727043151855	4.027756690979004	9.527319192886353	5.138515949249268	2.4882428646087646	-6.969562530517578	10.22289776802063	3.050048351287842	-9.044869661331177	-3.0320520401000977	2.3025858402252197	-2.4840826988220215	9.274755239486694	6.939653396606445	-3.150852918624878	-9.057871341705322	-6.999415636062622	6.392575263977051	2.058626413345337	9.17609453201294	-5.731884241104126	4.558891296386719	-.5721499919891357	-4.555866718292236	1.4823787212371826	2.893435478210449	4.941925287246704	-8.71103048324585	-6.994566202163696	-8.488801956176758	-.7382590770721436	-.4927659034729004	-4.156127214431763	-1.3751745223999023	6.911466836929321	1.0869641304016113	7.336318731307983	4.982120513916016	6.466054201126099	-2.8548970222473145	2.840925931930542	-3.696457862854004	-8.261264562606812	7.865000247955322	9.422879934310913	10.719705581665039	-.03147578239440918	2.4339118003845215	10.541897535324097	5.2088823318481445	-4.992284536361694	9.980499744415283	1.7397267818450928	-4.9654998779296875
1.877333164215088	-.5036184787750244	4.881623268127441	4.311023950576782	-.42955446243286133	5.392428159713745	.03755629062652588	.42345261573791504	9.170665264129639	5.490907430648804	-2.739779472351074	-9.522902250289917	-2.941556453704834	-1.979457139968872	5.014766693115234	-.4646031856536865	1.7302336692810059	7.186057806015015	4.1430463790893555	6.3774025440216064	-1.2077631950378418	.13564562797546387	-1.965536117553711	5.754823923110962	4.088935375213623	-6.916094064712524	7.785454750061035	5.82952618598938	2.8905930519104004	.2493445873260498	-2.1130142211914062	-.38896918296813965	9.08075475692749	-.20812630653381348	-.08794498443603516	4.394015550613403	-2.6562533378601074	-7.249688386917114	-6.796808242797852	1.1958143711090088	-8.647823810577393	4.9798829555511475	.5599565505981445	7.193917512893677	2.9544320106506348	-1.9102814197540283	9.926441192626953	1.1634714603424072	-4.637815952301025	7.380355596542358	1.0787687301635742	8.9147789478302	8.337883472442627	-9.218762636184692	-6.687406539916992	9.730798959732056	-5.617737293243408	3.7882134914398193	5.130600929260254	5.804646730422974	-8.07816457748413	2.4010398387908936	1.9300079345703125	-3.322906255722046	1.496396541595459	1.0608785152435303	-9.309937477111816	2.674067735671997	-8.053477764129639	-3.4122021198272705	-.3404560089111328	-8.655847311019897	-8.398930072784424	-.8817274570465088	2.0442628860473633	-6.1039111614227295	8.464678287506104	5.042683362960815	-5.305438995361328	4.636272668838501	9.405267238616943	3.942817449569702	-.20718860626220703	5.406256914138794	.3415379524230957	.5293681621551514	-7.459081649780273	-1.9797494411468506	-2.5695271492004395	3.579435110092163	4.847817420959473	-8.297381162643433	5.254835605621338	5.874024152755737	.01697540283203125	-.47461676597595215	.010671138763427734	-4.864452600479126	8.433890342712402	-2.154278516769409
6.9647204875946045	8.66724967956543	-.016150236129760742	7.10001802444458	-1.4893991947174072	9.255450248718262	.42345261573791504	.07258903980255127	3.4343783855438232	-6.103991508483887	3.3308794498443604	-.4168124198913574	.08741545677185059	8.174301147460938	2.731543779373169	10.536628246307373	3.1924331188201904	-2.962307929992676	-1.51358962059021	10.035494327545166	3.9806325435638428	-1.7406253814697266	9.609883546829224	-6.5435051918029785	3.9214961528778076	8.678948402404785	2.8233988285064697	-.41350507736206055	3.910287618637085	-6.860080718994141	8.242923021316528	-7.93998384475708	3.455551862716675	10.427199363708496	3.0664541721343994	8.796736240386963	-7.133384943008423	-7.795392990112305	2.261521577835083	-8.561010837554932	-8.558915376663208	-5.047633171081543	-5.747314214706421	7.789265155792236	-3.3476507663726807	.9046096801757812	-7.390961408615112	7.247710704803467	-2.662921190261841	-4.013127326965332	-7.268296957015991	6.24962854385376	8.882724523544312	8.753599166870117	9.541333436965942	4.702977657318115	-.5849812030792236	5.325638771057129	7.1656153202056885	-4.574126720428467	2.9854753017425537	-7.672252655029297	6.626765489578247	8.584086894989014	5.7588889598846436	-5.17391300201416	.5290319919586182	5.128546237945557	2.200835943222046	10.265726089477539	-7.253805875778198	-6.767164707183838	-3.7348263263702393	-.5918607711791992	2.109062433242798	4.73069429397583	-8.418459177017212	9.268707275390625	1.0929787158966064	4.5535197257995605	10.642857313156128	.05421733856201172	7.5053160190582275	-4.8321356773376465	4.99282431602478	-2.899637222290039	-7.827021360397339	9.012937068939209	-3.586575746536255	9.809243202209473	2.6299021244049072	5.938103199005127	-4.8875792026519775	-8.413135528564453	7.804553270339966	9.640384197235107	-7.089141130447388	-9.219361305236816	-6.292569875717163	-2.8980422019958496
5.632167816162109	-4.479649305343628	9.117491245269775	3.637223958969116	-1.5759954452514648	4.110641717910767	9.170665264129639	3.4343783855438232	.8579059839248657	-2.6152150630950928	1.4038920402526855	8.900287389755249	2.2425355911254883	9.207175493240356	7.170675754547119	-1.2764904499053955	.6370124816894531	4.555094003677368	1.8649039268493652	-2.0142881870269775	3.1160383224487305	3.8579838275909424	.9072308540344238	2.219853162765503	5.05534553527832	-8.388305425643921	2.425342082977295	5.369048833847046	-3.7435522079467773	-4.684017896652222	2.9414544105529785	-8.775929689407349	10.134140014648438	-8.58799147605896	11.059815883636475	2.8608453273773193	-4.096001625061035	-5.780157804489136	-1.8457942008972168	-7.92204213142395	6.769880294799805	-2.124042272567749	4.055434703826904	-8.165851831436157	-.888575553894043	-2.7292640209198	8.738844394683838	-8.314187288284302	5.671550750732422	-4.014035940170288	-.988192081451416	3.224504232406616	.7439603805541992	-4.767664670944214	6.201229572296143	6.514431715011597	6.360635757446289	-1.2130506038665771	-4.158955097198486	9.52996039390564	5.479340553283691	5.930812120437622	5.359720706939697	-7.406888246536255	8.171119689941406	9.386335611343384	-1.2322449684143066	-8.188936471939087	-2.1922006607055664	9.254838228225708	6.345177173614502	-4.4863502979278564	-7.750513076782227	3.9540445804595947	8.329047679901123	.6908605098724365	4.032071113586426	3.155585527420044	-6.399041652679443	2.430342435836792	-.4452781677246094	-5.277501821517944	-8.625467777252197	-1.64510178565979	-.732609748840332	-3.35327410697937	-1.1170763969421387	1.0599868297576904	8.858308792114258	5.986618280410767	-4.933681964874268	5.551223516464233	-2.55850887298584	-1.1955687999725342	5.259432315826416	-4.318120241165161	10.744232177734375	-8.896173238754272	6.879014492034912	-6.409616708755493
-2.1730706691741943	-6.740225315093994	4.878727674484253	10.346946716308594	-1.625878095626831	-4.079118251800537	5.490907430648804	-6.103991508483887	-2.6152150630950928	.5369168519973755	5.176855802536011	-1.6694765090942383	-5.6600682735443115	-6.445138454437256	4.245336294174194	5.403196334838867	-4.603543043136597	-5.151480197906494	6.19633936882019	-4.833197593688965	-8.78864073753357	1.31785249710083	-7.611980676651001	1.5918006896972656	-1.9021289348602295	.8962092399597168	6.88556170463562	-2.9411935806274414	-3.204993963241577	4.520845890045166	-7.851316690444946	-6.203908920288086	-8.344940900802612	-7.929575443267822	-7.2808678150177	3.317082405090332	-7.168893575668335	1.302513599395752	5.908187627792358	-4.1421356201171875	-5.535494565963745	9.791087627410889	7.4841601848602295	-7.1853227615356445	-6.127605199813843	-4.135972499847412	3.359891653060913	-7.818582534790039	-5.264805555343628	-3.4593796730041504	6.280255079269409	-6.012862205505371	2.2841055393218994	-3.530940532684326	-6.490345239639282	6.733547210693359	9.48861050605774	2.8639445304870605	6.519526243209839	-3.1674890518188477	.2439730167388916	-1.5562186241149902	8.675836324691772	-6.956449508666992	5.5587379932403564	-.6315178871154785	9.926583051681519	-.08865642547607422	-.2577683925628662	-.8231348991394043	6.489295721054077	4.203224182128906	1.5920612812042236	9.724154949188232	4.538534879684448	-8.65331745147705	-5.418384313583374	4.119482517242432	8.893392324447632	4.866865158081055	6.047564744949341	3.6633849143981934	-5.295008897781372	10.824074745178223	7.377359628677368	-.21469449996948242	-4.8560144901275635	.2512702941894531	5.196732759475708	-7.018906116485596	-4.911938905715942	-3.408432960510254	-.44280219078063965	2.7505059242248535	5.809434652328491	2.1357364654541016	7.123549699783325	-1.4652962684631348	-9.337645769119263	7.4597063064575195
-4.793215274810791	2.7766997814178467	7.4922332763671875	8.156985521316528	10.73650598526001	1.7345750331878662	-2.739779472351074	3.3308794498443604	1.4038920402526855	5.176855802536011	1.4992777109146118	-4.785417318344116	9.858596324920654	1.3961808681488037	5.184762001037598	9.432488679885864	-6.303658962249756	-2.1449081897735596	4.011222839355469	6.561054468154907	-2.5268731117248535	11.19377875328064	4.368399620056152	-.2105109691619873	-2.0290637016296387	1.0643413066864014	-6.709772109985352	-4.282842397689819	1.3975329399108887	5.122785329818726	1.205174446105957	5.791081666946411	-7.4260382652282715	-5.033477067947388	5.623737335205078	5.743438959121704	-2.877951145172119	5.0718724727630615	1.8259458541870117	-4.97093653678894	9.651901721954346	-5.268441438674927	8.548860549926758	9.262945413589478	2.949409008026123	8.992212057113647	-.3259267807006836	-4.342268705368042	11.163740634918213	-3.408129930496216	-9.084793090820312	8.461223840713501	-5.005152225494385	8.897475957870483	-2.494584083557129	-4.6061179637908936	-2.11903715133667	4.842379331588745	3.884885787963867	-2.9136788845062256	-.8139004707336426	-6.136163949966431	11.388333320617676	1.5168125629425049	10.387552738189697	3.840508222579956	2.932506561279297	7.448784112930298	-8.73660135269165	5.029964208602905	2.7036848068237305	.8683197498321533	-8.920005321502686	1.006178617477417	9.845178604125977	1.4216597080230713	8.779479503631592	1.5970323085784912	-2.855170249938965	-8.147299528121948	-7.832726955413818	-.17818760871887207	2.7225112915039062	2.4404947757720947	-1.900423526763916	-6.171287775039673	-2.28237247467041	-6.5632483959198	-6.329127788543701	-4.167668581008911	-.023386001586914062	-7.496663808822632	-5.598576068878174	2.051175832748413	8.740437507629395	11.149770021438599	7.424776554107666	3.6451575756073	10.332096099853516	-5.829269170761108
8.157434225082397	-9.395712852478027	.10982155799865723	2.797278881072998	-5.846307039260864	1.7030467987060547	-9.522902250289917	-.4168124198913574	8.900287389755249	-1.6694765090942383	-4.785417318344116	.15786850452423096	4.376604795455933	6.461369514465332	2.581798791885376	-7.315677165985107	-6.4670469760894775	8.932243347167969	2.879206895828247	-9.116554737091064	6.495529890060425	7.462580680847168	6.699518442153931	-2.512876033782959	6.29631781578064	-2.0455188751220703	7.326668977737427	-4.655275821685791	5.393080472946167	-5.686049461364746	-8.560874700546265	2.1532673835754395	4.856862783432007	-5.611598968505859	2.7973854541778564	-.10506868362426758	6.559490919113159	-1.0958490371704102	2.93147873878479	-5.725450038909912	1.361072301864624	-6.596075057983398	6.828465700149536	7.157113552093506	8.297495603561401	-.8156461715698242	-5.380061864852905	-7.994731426239014	7.767930746078491	-8.766525268554688	-1.7304809093475342	9.31681776046753	-3.2776710987091064	7.168231010437012	-.7396371364593506	3.0622200965881348	-5.151077508926392	-7.828027725219727	-1.7173449993133545	10.122090816497803	-2.2382748126983643	-8.068045616149902	2.921112298965454	-5.275298595428467	3.1880319118499756	.5768394470214844	-7.657517194747925	-8.116520404815674	-2.844081163406372	-5.385804176330566	6.983045816421509	-6.165490627288818	5.181743383407593	-6.132001876831055	-7.763888120651245	6.4740309715271	2.45764422416687	4.4161272048950195	-2.8604772090911865	-1.20405912399292	-6.96095871925354	-4.472129821777344	6.063151597976685	-2.670708179473877	10.032135725021362	-8.398579597473145	6.396402597427368	-1.4242072105407715	6.781409978866577	-8.898622512817383	-7.764288663864136	6.4473090171813965	5.0571277141571045	-3.5037527084350586	9.072044610977173	-1.296638011932373	8.242833852767944	5.195941925048828	9.478400468826294	6.38862943649292
4.369708061218262	-9.067609548568726	-5.581095218658447	5.4083640575408936	.5499114990234375	-7.342247724533081	-2.941556453704834	.08741545677185059	2.2425355911254883	-5.6600682735443115	9.858596324920654	4.376604795455933	.15789949893951416	5.65024209022522	-.7677426338195801	8.635661840438843	7.443314552307129	7.8997108936309814	4.219149112701416	-2.1878902912139893	-8.530113220214844	6.926416635513306	-9.014219760894775	9.626512289047241	3.482131004333496	-.5862910747528076	-7.652663707733154	-4.790515184402466	2.9690608978271484	5.048843622207642	9.51353406906128	5.53929877281189	-6.967028617858887	2.4604828357696533	-4.223878383636475	-9.120618104934692	-7.423061370849609	-1.8438050746917725	-2.803621768951416	-9.784181833267212	-5.5076799392700195	-1.5400454998016357	8.292614459991455	-6.305152177810669	-5.153745651245117	.4496424198150635	-6.272327899932861	8.060367345809937	-3.9308385848999023	-.1054542064666748	-5.003575801849365	-7.9085705280303955	2.142242431640625	10.19285798072815	8.113275051116943	-6.960256814956665	4.784979820251465	-2.690821409225464	3.2996602058410645	-3.932826280593872	-3.357362747192383	-7.287986516952515	-7.328453540802002	8.683242559432983	7.473759651184082	-8.688725233078003	-5.073068141937256	-5.817372560501099	10.33767318725586	-4.604219198226929	5.033345699310303	8.082662343978882	-7.218014717102051	-4.429243803024292	-2.084651470184326	4.560837507247925	7.030084609985352	3.6953318119049072	7.142032146453857	5.89229941368103	-.8313589096069336	9.820044755935669	6.6145195960998535	-3.1126492023468018	9.335105895996094	4.124338388442993	-1.746534824371338	-2.6710493564605713	-7.094788551330566	5.85406231880188	5.686554431915283	9.410214185714722	8.680471420288086	-6.741027593612671	8.936004161834717	4.171912908554077	2.075680732727051	-5.469769239425659	.10606241226196289	-9.060025453567505
-8.448214292526245	4.257275104522705	9.135963201522827	6.034846305847168	8.780802011489868	-4.177504062652588	-1.979457139968872	8.174301147460938	9.207175493240356	-6.445138454437256	1.3961808681488037	6.461369514465332	5.65024209022522	1.6685372591018677	9.453089475631714	8.66614055633545	-.43445563316345215	-8.607133388519287	-5.77333664894104	9.521360397338867	7.104384660720825	-6.949507236480713	3.6217734813690186	-5.315543174743652	.001943826675415039	-6.880122661590576	7.01610541343689	-.6514549255371094	9.309735536575317	.35077619552612305	-7.818124055862427	-1.445603370666504	-.3074452877044678	2.4343514442443848	8.97333312034607	6.627939224243164	1.6159775257110596	4.940671443939209	.01425623893737793	-3.3822431564331055	-.4661386013031006	3.2562108039855957	6.385455846786499	2.7325897216796875	-8.924154996871948	3.521350383758545	9.312273740768433	-4.221165657043457	10.234848260879517	10.567877292633057	-3.1479170322418213	-1.401956558227539	-7.445427656173706	6.856484889984131	-8.418212175369263	2.5044260025024414	11.316999673843384	-2.5857272148132324	.2853238582611084	-3.2776527404785156	10.729893922805786	2.772246837615967	1.641157865524292	-7.17617130279541	-7.885699987411499	6.9028191566467285	-9.090212106704712	8.166048049926758	.09204411506652832	11.157308101654053	-.3787567615509033	-7.671160697937012	3.773233652114868	-4.7965617179870605	-.7374155521392822	3.5521926879882812	-3.0562427043914795	-.03715944290161133	-.03459668159484863	8.173754692077637	-2.7472150325775146	-5.4514479637146	2.1933228969573975	5.066328048706055	-3.5997321605682373	-1.7974839210510254	-5.570502519607544	-1.9246282577514648	1.3244383335113525	-.7669177055358887	-3.135887384414673	3.456501007080078	2.389310121536255	4.9525065422058105	6.081885099411011	6.312987327575684	-3.4278218746185303	2.6144509315490723	10.749562978744507	.03325843811035156
-2.7538485527038574	5.63607382774353	4.354750633239746	2.973604440689087	7.887872219085693	1.6303870677947998	5.014766693115234	2.731543779373169	7.170675754547119	4.245336294174194	5.184762001037598	2.581798791885376	-.7677426338195801	9.453089475631714	.19650328159332275	.73641037940979	8.689761638641357	6.008836507797241	-1.068140983581543	-8.188795804977417	9.57927942276001	2.3416030406951904	7.285556793212891	-2.6840550899505615	-.1832261085510254	10.255073308944702	4.799609184265137	-.21250224113464355	4.047508716583252	8.342753171920776	5.339982986450195	-3.389615774154663	5.530028820037842	-.8604452610015869	-.1453237533569336	-.5457179546356201	8.323660373687744	-1.9407036304473877	7.06121826171875	3.7115252017974854	-4.523989200592041	5.332202672958374	-.8658304214477539	-9.065396070480347	-1.7895312309265137	6.942404508590698	3.3926219940185547	-5.726335287094116	-.8862957954406738	2.565438985824585	-1.0123014450073242	-6.085989713668823	-2.6768317222595215	4.505749464035034	4.590053558349609	3.5135996341705322	-5.285406589508057	-7.365814447402954	8.077372550964355	9.64054799079895	-.9105067253112793	-2.67449688911438	4.221872329711914	6.210626840591431	10.36266279220581	-2.604135751724243	-.6221990585327148	-2.0752360820770264	6.749678134918213	-5.959662675857544	1.1689376831054688	6.706543207168579	5.954396724700928	1.7703969478607178	2.176093101501465	8.139704942703247	-4.643542766571045	-8.648576021194458	8.624608993530273	-9.094354391098022	-8.801220417022705	-3.2597944736480713	-7.9281415939331055	-8.77908205986023	-1.2249350547790527	-2.977565050125122	7.094745635986328	5.274730920791626	3.617295742034912	-4.64978814125061	-5.022793769836426	6.666449785232544	9.68323564529419	8.879542112350464	8.397706985473633	-7.156903982162476	-7.456070423126221	9.7078378200531	-2.883254051208496	4.536847352981567
5.068669080734253	1.8633613586425781	1.0666191577911377	7.2941155433654785	9.275071859359741	-9.03708553314209	-.4646031856536865	10.536628246307373	-1.2764904499053955	5.403196334838867	9.432488679885864	-7.315677165985107	8.635661840438843	8.66614055633545	.73641037940979	1.0564109086990356	-6.2761547565460205	5.017376899719238	3.600647211074829	9.83189058303833	6.914998769760132	4.8675994873046875	-3.1951911449432373	6.9497904777526855	3.7705352306365967	2.958682060241699	-5.576768636703491	1.1321587562561035	5.810718297958374	-.24086952209472656	7.196881532669067	-8.361483097076416	3.169092893600464	-.32114315032958984	2.9487574100494385	2.013542652130127	-3.220014810562134	10.00667953491211	-2.728611707687378	9.524569988250732	6.566002607345581	-7.152176856994629	-.7856652736663818	-2.4009108543395996	.6255338191986084	-3.9385814666748047	2.9716885089874268	1.2622466087341309	8.420248746871948	1.198002815246582	4.569572687149048	2.574345111846924	5.962598562240601	-7.562980651855469	9.553641557693481	-2.9316563606262207	-7.996684312820435	-8.475682258605957	2.6765806674957275	-6.812642574310303	1.2189137935638428	-9.290346145629883	5.585606813430786	-3.2778420448303223	10.399187803268433	-9.315810203552246	-8.490031957626343	4.248672962188721	-5.365286111831665	4.517993927001953	4.948443651199341	9.565486431121826	8.50434947013855	8.597540855407715	5.356844186782837	.13133859634399414	-3.737266778945923	5.563211441040039	-4.1644885540008545	-3.4973740577697754	11.027785062789917	1.2467927932739258	4.816818475723267	6.770901203155518	-5.031793832778931	6.608978271484375	3.7526695728302	9.000373363494873	10.490978956222534	6.676867485046387	10.802000284194946	-1.334592342376709	-1.5711328983306885	.48146629333496094	-4.481722593307495	-4.9119744300842285	1.2279155254364014	1.9951868057250977	-5.463001012802124	-9.124595165252686
9.300439834594727	-.49948763847351074	-2.2163729667663574	-5.538437128067017	-.26184940338134766	4.741804361343384	1.7302336692810059	3.1924331188201904	.6370124816894531	-4.603543043136597	-6.303658962249756	-6.4670469760894775	7.443314552307129	-.43445563316345215	8.689761638641357	-6.2761547565460205	.8591686487197876	-3.5392720699310303	-.1883549690246582	-3.069164514541626	5.663304328918457	-3.101738691329956	6.6341233253479	8.520323514938354	10.275341033935547	8.69677186012268	-2.5637078285217285	5.3725221157073975	1.5905790328979492	-8.76898455619812	-4.384631633758545	3.153202772140503	9.898813247680664	-7.182845830917358	-3.349400043487549	-3.186706781387329	-8.709380149841309	-.3497436046600342	-1.2092337608337402	10.026377439498901	5.844856262207031	-2.2582032680511475	8.74167776107788	7.626195669174194	-3.1838388442993164	-6.142843961715698	-6.6463236808776855	-8.95585560798645	-6.177545547485352	3.4531214237213135	6.3091349601745605	3.7467763423919678	-1.9675626754760742	9.615386247634888	-4.190042018890381	7.673300504684448	-1.6469078063964844	7.996050119400024	-5.73491907119751	2.673082113265991	4.617182731628418	-.24888110160827637	-4.022029399871826	.9431426525115967	3.770753860473633	9.478004693984985	-8.16587495803833	.46565985679626465	-3.93936824798584	-.8469741344451904	8.988573551177979	-8.554532289505005	6.221923828125	9.068907022476196	4.5533766746521	2.747556447982788	-6.334481239318848	10.772279024124146	-5.714873790740967	1.3345725536346436	1.6655864715576172	-5.998821020126343	-5.727554798126221	-3.2956812381744385	7.5470781326293945	8.622550249099731	-1.376512050628662	3.327254056930542	-6.126773834228516	-6.430257558822632	-6.846560001373291	8.083993673324585	6.633044242858887	-3.2199885845184326	10.072018146514893	-3.2971909046173096	-1.5711727142333984	-3.867980718612671	3.6709704399108887	-6.802871942520142
-3.7954862117767334	-7.870087146759033	-7.363499879837036	1.4347972869873047	3.71886944770813	10.245731830596924	7.186057806015015	-2.962307929992676	4.555094003677368	-5.151480197906494	-2.1449081897735596	8.932243347167969	7.8997108936309814	-8.607133388519287	6.008836507797241	5.017376899719238	-3.5392720699310303	.26259052753448486	-8.145325899124146	-.8141145706176758	5.684696435928345	-6.338784694671631	9.948819875717163	1.8834667205810547	-.34077906608581543	-.22417306900024414	3.751171827316284	-.06835079193115234	4.409212350845337	-4.692187786102295	3.8464467525482178	-1.3162956237792969	2.4119656085968018	3.260833263397217	-7.098607301712036	-7.221940040588379	-8.054443120956421	-5.482541561126709	-3.6477110385894775	5.575799942016602	-4.723656415939331	9.776662349700928	8.092446088790894	1.5981645584106445	7.846464395523071	.49132585525512695	-7.840294122695923	1.96405029296875	1.4613392353057861	-3.1942639350891113	-.5760586261749268	-.17249011993408203	9.477169275283813	-3.506913661956787	5.274556875228882	-3.1847476959228516	-7.011563062667847	9.8929762840271	-.6920120716094971	-7.535857200622559	4.015405893325806	2.848911762237549	-6.9847986698150635	-1.3412971496582031	1.6916210651397705	-5.3541951179504395	4.469195127487183	3.068610191345215	-1.5485913753509521	-8.052525997161865	-1.9875013828277588	5.586198806762695	1.2173759937286377	-.2658562660217285	7.944672346115112	4.763958930969238	-8.41208815574646	4.239944934844971	-2.790191888809204	-2.7479629516601562	-4.975313901901245	-.10958528518676758	-.915971040725708	-7.764264106750488	1.0401499271392822	1.2399964332580566	4.862989187240601	-6.126985549926758	-5.614964246749878	1.9095396995544434	7.549374341964722	8.731987953186035	3.2358572483062744	4.523800373077393	-3.4595987796783447	-7.771572113037109	2.3824093341827393	-8.351059436798096	3.3153178691864014	8.063261985778809
-5.478443622589111	9.288126707077026	-6.598451614379883	-8.306746244430542	7.2381672859191895	-3.394012689590454	4.1430463790893555	-1.51358962059021	1.8649039268493652	6.19633936882019	4.011222839355469	2.879206895828247	4.219149112701416	-5.77333664894104	-1.068140983581543	3.600647211074829	-.1883549690246582	-8.145325899124146	.3924165964126587	-2.770585775375366	6.100928783416748	7.411149740219116	-7.712111473083496	1.2091915607452393	7.452620029449463	-2.113429307937622	5.2764892578125	-.06101584434509277	-3.2473702430725098	-8.211845636367798	-8.034760475158691	-5.759186506271362	3.19700288772583	.08831286430358887	4.23963737487793	9.22185730934143	-3.2174344062805176	-3.361635446548462	1.7547121047973633	-6.288050413131714	6.494425296783447	.1060340404510498	7.622524261474609	-7.298919439315796	-.5065293312072754	4.912952184677124	10.099665641784668	2.7768967151641846	4.3038716316223145	-.8278439044952393	9.274759292602539	7.5622007846832275	6.000579357147217	3.62558913230896	-5.244040489196777	-5.847548246383667	-7.603173732757568	-3.4183990955352783	-4.641548156738281	2.553264856338501	-2.768373966217041	6.852447271347046	6.791953086853027	.11791157722473145	6.357273578643799	1.6917903423309326	6.348211288452148	4.984819650650024	-6.073154926300049	-9.267801523208618	-7.411494255065918	2.51507306098938	-6.418302059173584	6.9226462841033936	-.9688529968261719	1.7299120426177979	-1.3610291481018066	-.5339853763580322	2.8389768600463867	4.748233079910278	-8.720916271209717	.7565906047821045	-3.493131637573242	1.2240889072418213	-7.2667622566223145	8.317567586898804	5.549225807189941	10.784188508987427	-5.5290846824646	-6.261454820632935	-7.8125152587890625	10.465397119522095	-3.6126198768615723	2.6130292415618896	10.037611961364746	1.1522362232208252	-.008822917938232422	-4.524068117141724	-.2023944854736328	7.014383554458618
.3837277889251709	2.317275047302246	10.69579529762268	3.4320807456970215	8.74754023551941	4.720355987548828	6.3774025440216064	10.035494327545166	-2.0142881870269775	-4.833197593688965	6.561054468154907	-9.116554737091064	-2.1878902912139893	9.521360397338867	-8.188795804977417	9.83189058303833	-3.069164514541626	-.8141145706176758	-2.770585775375366	.9122592210769653	2.805933713912964	-1.441096305847168	5.32468056678772	9.479748249053955	-5.737394571304321	-1.9349136352539062	-5.761425733566284	10.248115062713623	2.183220624923706	-1.111943244934082	9.118242502212524	-1.7708563804626465	3.263824224472046	-.4997730255126953	9.349183320999146	-3.9699883460998535	5.001242399215698	11.252915382385254	-7.913573980331421	-.019446849822998047	-6.119417428970337	10.313846588134766	7.942031145095825	2.57075834274292	-5.43726658821106	-1.3953485488891602	2.672590494155884	7.8882737159729	3.0718648433685303	1.7383670806884766	-6.133272886276245	-2.9440979957580566	-8.017071962356567	7.956936836242676	8.632595300674438	-5.330897808074951	-3.3908445835113525	3.0687103271484375	3.2853806018829346	-1.7665104866027832	-1.8104393482208252	3.3859434127807617	11.034799814224243	-7.397664546966553	.07643866539001465	3.6622982025146484	6.672600984573364	3.4140677452087402	-6.077134370803833	-8.969656944274902	-3.739936590194702	-6.470229625701904	.8701989650726318	5.939052581787109	-9.184502363204956	-.5293164253234863	-8.26442265510559	-4.908692359924316	5.0017454624176025	.8557038307189941	-3.800579309463501	-1.6186046600341797	8.813679933547974	4.838883876800537	-7.007069826126099	.8325090408325195	-4.734294652938843	8.546932697296143	11.085588216781616	1.5342483520507812	-5.920742750167847	6.5167155265808105	7.8726584911346436	-6.4198808670043945	-3.629697561264038	-2.867246150970459	-7.637314081192017	5.005033493041992	10.336838960647583	-7.935274600982666
-6.313185691833496	-5.825332403182983	1.380359172821045	-2.0344784259796143	-6.06132698059082	8.625249147415161	-1.2077631950378418	3.9806325435638428	3.1160383224487305	-8.78864073753357	-2.5268731117248535	6.495529890060425	-8.530113220214844	7.104384660720825	9.57927942276001	6.914998769760132	5.663304328918457	5.684696435928345	6.100928783416748	2.805933713912964	1.322553277015686	9.776447534561157	9.392299175262451	6.994060277938843	.47110843658447266	-3.793999433517456	10.286936283111572	-7.181878328323364	11.336822509765625	-2.400197744369507	1.1463713645935059	-3.857069253921509	.37717342376708984	9.461514711380005	7.137352466583252	4.106915235519409	-1.6297626495361328	-4.826293706893921	-3.8038411140441895	2.5711591243743896	10.082371711730957	7.935351610183716	4.716101169586182	8.556902647018433	-6.544284820556641	1.699331521987915	9.235021114349365	-4.316957712173462	2.795687675476074	9.109933137893677	3.1227917671203613	-.39636921882629395	3.9584903717041016	10.440349817276001	4.26881742477417	4.4453771114349365	.5386056900024414	8.530181169509888	4.769533634185791	2.2451465129852295	-2.9437026977539062	-8.277066946029663	8.615907192230225	7.387460470199585	-4.854889869689941	-8.196482419967651	6.380936145782471	10.041996717453003	-.26062965393066406	7.935753107070923	-5.092850208282471	-7.398910760879517	.2616853713989258	-2.4001357555389404	-9.0058913230896	6.117228269577026	.8104438781738281	9.529981851577759	10.085904598236084	-.25943970680236816	9.347315788269043	10.65164303779602	7.95866060256958	5.1563880443573	7.88475227355957	-1.9807088375091553	8.408030986785889	-.9773294925689697	-6.32651424407959	-2.2462241649627686	-3.0632987022399902	.40752291679382324	-2.6099700927734375	4.979852914810181	-4.558111667633057	-2.7732832431793213	6.324179649353027	-5.236315488815308	7.9028401374816895	5.681179761886597
