.12905198335647583	-1.4785259738564491	-6.852419055998325	-1.29132030159235	2.968524180352688	-5.910350896418095	8.080666147172451	-4.0727240815758705	7.00514030456543	8.07486641407013	5.473902463912964	9.467638850212097	-7.1176438331604	10.262604355812073	2.0204031467437744	-2.0697323083877563	-4.338046073913574	5.919771313667297	-.9204237461090088	2.5133875608444214	.7232060432434082	5.251323342323303	8.500420808792114	4.11433732509613	-4.404224395751953	2.1516696214675903	5.2667014598846436	-7.258216023445129	-1.4465336799621582	6.173422455787659	6.340698480606079	9.734472632408142	-6.292027473449707	1.9961472749710083	-7.993042230606079	-5.520023465156555	4.6026291847229	-2.604887366294861	-9.283959150314331	-3.366552948951721	-3.693838119506836	5.710040211677551	.42827486991882324	6.836363673210144	8.006436824798584	-5.186145186424255	2.457502603530884	2.9352840185165405	1.1042108535766602	9.58143436908722	8.81483244895935	-5.299406170845032	-3.1931185722351074	-5.141640067100525	6.052388429641724	10.045256972312927	-7.777763366699219	-7.070334315299988	9.607060194015503	-2.2564345598220825	-8.047794818878174	2.4885889291763306	.6442530155181885	-4.350110650062561	7.186606407165527	4.10532009601593	10.40163779258728	.4174269437789917	-.7030997276306152	-6.804247260093689	-6.967098951339722	10.716954588890076	-8.070062637329102	-8.509766459465027	-6.048505067825317	1.955576777458191	.6017088890075684	4.0023123025894165	-7.325612783432007	-8.504523873329163	-6.2089033126831055	1.4974919557571411	-2.83418869972229	6.372663378715515	1.533623218536377	8.461978554725647	-6.318983793258667	2.515727400779724	7.515201568603516	-4.428568720817566	-5.889983415603638	-5.535414814949036	-5.3341145515441895	-5.340287566184998	-2.178657293319702	7.589231848716736	-9.746380805969238	8.187637448310852	1.0057904720306396	8.808490633964539
-1.4785259738564491	.8916645646095276	-5.124460816383362	-2.7275452613830566	8.93240749835968	2.0325767993927	8.964535593986511	10.318533897399902	1.5812832117080688	1.1942145824432373	4.7539485692977905	1.4980435371398926	-2.5367707014083862	10.111536264419556	-.8017541170120239	8.235666275024414	2.244627594947815	3.3625447750091553	9.199160933494568	3.129912853240967	8.648500561714172	-5.254053831100464	6.449442744255066	-6.828127861022949	-3.451738715171814	6.749899625778198	.7766059637069702	-.536038875579834	-8.438536524772644	-7.479232549667358	-1.0133191347122192	9.438674926757812	10.143551468849182	-4.668134927749634	6.207963347434998	3.5773367881774902	3.1816102266311646	-3.447788953781128	.7347649335861206	-2.371151924133301	-1.9118846654891968	8.11527705192566	-4.62883722782135	-6.6715617179870605	1.3946830034255981	1.4877378940582275	1.2747496366500854	4.616415023803711	-3.1541799306869507	10.138221502304077	-4.699616074562073	-7.643085956573486	2.9926739931106567	2.506058931350708	-6.156060338020325	10.556649208068848	9.28678286075592	9.47003436088562	-2.8139435052871704	-.9163374900817871	7.67382538318634	-6.6828649044036865	-3.66411030292511	1.8860740661621094	1.6873708963394165	3.211301565170288	-2.625139832496643	-3.289167881011963	10.042629361152649	8.162177324295044	4.30040442943573	-1.677536964416504	-1.2697986364364624	8.493859052658081	-2.6302753686904907	3.2218213081359863	10.609828114509583	2.8136465549468994	5.943538546562195	4.864839553833008	6.504141449928284	.480792760848999	2.8298295736312866	-8.61872148513794	-6.207586169242859	-.4247462749481201	4.127596735954285	-5.2065229415893555	-1.4956916570663452	9.366438627243042	-3.429395318031311	.7351021766662598	10.913628697395325	-4.718040227890015	9.371133685112	-9.330101013183594	.6320692300796509	-1.62361741065979	3.5637296438217163	-7.389559268951416
-6.852419055998325	-5.124460816383362	.4743426442146301	5.4622050523757935	-7.723594903945923	4.014250636100769	-3.652656078338623	7.25729238986969	6.780368089675903	-3.7623592615127563	6.732322692871094	-1.9426077604293823	7.400702238082886	-2.3570157289505005	5.022674083709717	-4.478437781333923	-9.336835622787476	9.292659163475037	-4.770493507385254	4.982688069343567	-7.349848031997681	-6.030253529548645	-1.3450560569763184	-1.3337663412094116	9.09445309638977	-4.353219628334045	-2.7641239166259766	5.408990979194641	3.972996473312378	1.4544981718063354	-7.6122918128967285	-7.122169852256775	4.600601434707642	1.1505903005599976	6.348111152648926	4.28844940662384	5.2237279415130615	-4.911549687385559	7.020771503448486	.6241251230239868	9.114226579666138	-3.3140751123428345	-.6808586120605469	1.3544617891311646	-8.83691143989563	1.3940638303756714	-.9898114204406738	.6541420221328735	-4.025804281234741	-.8341299295425415	10.058146476745605	2.1216765642166138	-4.541929483413696	7.425049662590027	-1.531735897064209	4.998154282569885	4.925626039505005	-1.4652382135391235	-3.369443893432617	6.885992169380188	-5.318084001541138	-1.2336312532424927	.16355276107788086	-8.032314658164978	-.880115270614624	-6.231814026832581	-7.741950035095215	.7245570421218872	.3141171932220459	1.5342320203781128	-3.4791407585144043	-6.844491362571716	.11458897590637207	3.8729785680770874	5.3185577392578125	3.4957696199417114	-.2595837116241455	-6.623899579048157	-7.3787617683410645	5.43564760684967	.8736059665679932	-4.11277449131012	8.346259117126465	9.83927834033966	-5.747194528579712	-1.5293151140213013	-1.7980055809020996	3.963375687599182	1.7670528888702393	-8.119737267494202	1.0315837860107422	1.1759816408157349	2.0495269298553467	-4.472053647041321	10.65668249130249	-6.824783682823181	5.57129693031311	-3.0473238229751587	5.2212114334106445	-9.291972041130066
-1.29132030159235	-2.7275452613830566	5.4622050523757935	1.3776546120643616	3.6602967977523804	-.23113012313842773	10.23733913898468	-1.2886254787445068	-5.6711894273757935	3.449779510498047	10.654056191444397	.1486814022064209	-3.026929497718811	7.797017574310303	11.08552086353302	-4.01556658744812	10.618833422660828	-3.62703800201416	-1.9571584463119507	-5.94848370552063	3.8484967947006226	4.460693836212158	-4.671857714653015	9.075393915176392	-5.105151295661926	8.532747268676758	-2.6216872930526733	-7.607141733169556	.23481786251068115	-1.7801403999328613	-1.8912419080734253	4.170779466629028	9.683223605155945	-4.220278739929199	2.257149338722229	.12485575675964355	-.013474106788635254	-5.934274196624756	.22717297077178955	3.73836350440979	-3.083424687385559	8.995719909667969	-.5677188634872437	6.980907201766968	7.864363074302673	8.520753383636475	8.13944160938263	6.527169466018677	-.06622898578643799	5.093829154968262	2.8128877878189087	-1.524338960647583	-2.464678406715393	-1.36134672164917	-8.042131304740906	4.5674707889556885	-1.520072102546692	4.01838493347168	.46439898014068604	-5.094984292984009	5.5726436376571655	.004386425018310547	-3.548991084098816	6.170790910720825	-4.293586850166321	-5.255026817321777	-4.391505599021912	1.3461196422576904	-6.544178605079651	8.734163761138916	4.043666958808899	-7.070096731185913	3.1708439588546753	6.280429840087891	6.623103737831116	-2.3426287174224854	8.570597052574158	2.4754462242126465	-.18310248851776123	-8.281168699264526	3.8370875120162964	5.662840843200684	-3.957593321800232	-1.5215809345245361	-7.791037201881409	5.406944751739502	3.5080052614212036	7.692848443984985	-1.9247390031814575	4.961542129516602	-6.443167090415955	5.230161428451538	2.56916081905365	-3.7613797187805176	-7.4894551038742065	5.288478136062622	-1.3382683992385864	9.277119636535645	-8.986937880516052	-8.885253190994263
2.968524180352688	8.93240749835968	-7.723594903945923	3.6602967977523804	.38898831605911255	9.577945828437805	-.3779127597808838	5.382213473320007	9.337223529815674	7.233235955238342	-.2159411907196045	6.656937956809998	-2.8692092895507812	-7.777665019035339	3.054039716720581	-.18209946155548096	-2.97306489944458	-3.3767541646957397	3.833763360977173	-5.036388039588928	9.248679161071777	-8.265325427055359	1.315978765487671	-3.4148389101028442	-8.830564022064209	-2.4552196264266968	2.828200578689575	-6.715035080909729	-4.093240737915039	-5.300074458122253	2.6764590740203857	-.0044814348220825195	7.416093349456787	-6.026574492454529	3.4890501499176025	4.698145270347595	-5.9154767990112305	4.234298825263977	1.0602853298187256	.6417464017868042	.8245244026184082	4.916017174720764	-4.305758237838745	-2.9384485483169556	1.6677131652832031	-5.0147446393966675	-3.9514877796173096	5.397868037223816	7.858596324920654	5.410641312599182	-3.5220448970794678	-5.985168099403381	-4.551678657531738	2.131506085395813	.8784444332122803	4.419156908988953	1.3884263038635254	-6.473366141319275	-2.9693801403045654	-6.021114945411682	5.124589920043945	9.383011937141418	-6.556363344192505	4.142136454582214	-2.3096184730529785	6.364580750465393	-6.301084280014038	10.155859351158142	5.301011085510254	.9809838533401489	-.706106424331665	4.284580111503601	1.4470791816711426	1.056317925453186	7.985772371292114	10.529153227806091	6.4883270263671875	-7.302117228507996	6.6352698802948	9.845511317253113	-1.2526135444641113	2.764931321144104	-4.449630498886108	7.8634151220321655	3.103529930114746	6.837419629096985	-1.6699297428131104	-5.8947964906692505	-6.91357946395874	-8.315243124961853	-.791863203048706	1.7045434713363647	-3.5301380157470703	-9.76544463634491	4.8968493938446045	9.625180125236511	10.365548610687256	1.041380524635315	3.9307539463043213	3.379686713218689
-5.910350896418095	2.0325767993927	4.014250636100769	-.23113012313842773	9.577945828437805	1.0750437378883362	.8530572652816772	-4.2450852394104	-1.0070475339889526	10.739558458328247	5.9590290784835815	.42456722259521484	2.1577659845352173	3.0859878063201904	-4.308435082435608	-.9931750297546387	9.646836400032043	-.551278829574585	4.608648180961609	5.506448745727539	-.6605638265609741	-7.467285394668579	7.059277892112732	3.320777416229248	11.265228390693665	-1.267622709274292	10.527218699455261	4.958477973937988	-3.8019832372665405	10.100321531295776	-5.525249123573303	-5.74170446395874	-9.25050437450409	-6.183887243270874	1.6864203214645386	3.1078033447265625	.9629999399185181	10.155019521713257	3.1127885580062866	3.6621527671813965	4.407255291938782	-5.043236494064331	9.214182734489441	-.9371767044067383	-7.229872107505798	-1.4057304859161377	3.8044456243515015	-.3436274528503418	-.04762542247772217	8.442415475845337	1.3946856260299683	-2.286813735961914	9.66139280796051	1.8467824459075928	1.0370267629623413	-6.353771686553955	1.504970669746399	3.59240460395813	10.66835868358612	-1.2702093124389648	2.585036873817444	4.872519254684448	3.954086661338806	-6.681756496429443	6.591410756111145	8.757316827774048	4.631881594657898	-3.4352149963378906	-2.6044477224349976	3.1626908779144287	-.644569993019104	9.640191555023193	1.1443120241165161	2.318988084793091	-3.9618159532546997	.4515676498413086	5.853681206703186	3.739758253097534	6.697111487388611	8.861095905303955	2.502541661262512	.6905043125152588	-8.203554272651672	-5.595212936401367	-6.373584151268005	10.157432317733765	.09143579006195068	-4.488770008087158	5.411216855049133	5.316201448440552	-4.02790367603302	9.220341682434082	-6.713001608848572	10.50067400932312	-8.693042397499084	3.4021172523498535	-2.9782952070236206	.6716654300689697	-5.213184475898743	-2.5246200561523438
8.080666147172451	8.964535593986511	-3.652656078338623	10.23733913898468	-.3779127597808838	.8530572652816772	1.828280746936798	-.3635967969894409	9.055986166000366	-5.17513382434845	7.926626682281494	3.444773316383362	7.861592531204224	2.199905753135681	.7816448211669922	-5.042747378349304	2.4978034496307373	9.218690752983093	-7.2740044593811035	2.475476861000061	-6.734233617782593	-5.866947770118713	1.780552864074707	-3.8063400983810425	5.117019414901733	11.384274363517761	-8.399043560028076	7.917343735694885	6.247241258621216	3.571844458580017	10.321361541748047	-6.717851519584656	3.1900012493133545	.9222029447555542	-8.101810932159424	-1.5274776220321655	4.410509347915649	9.257493376731873	10.953875541687012	2.440491795539856	2.3993661403656006	2.464312434196472	4.1206231117248535	7.624411225318909	-3.733687162399292	-8.537540078163147	-6.115850448608398	-3.8322867155075073	-.16601872444152832	6.673688769340515	-4.072561740875244	-5.362341284751892	9.231643915176392	10.990455031394958	2.9744882583618164	.2440863847732544	-1.0110361576080322	-2.755332112312317	9.134064197540283	3.558163285255432	3.6297447681427	7.176439642906189	6.743446350097656	6.731134533882141	-3.234318971633911	-3.097164273262024	10.712180614471436	3.2130733728408813	4.690107583999634	9.886624693870544	-8.634171485900879	10.971631169319153	8.471750020980835	8.405028223991394	-7.210282802581787	7.210787415504456	3.5484745502471924	.5184711217880249	5.672689437866211	3.5895997285842896	10.821038007736206	-7.460668683052063	-8.349146366119385	3.940953850746155	-4.753162145614624	-2.9993101358413696	3.151333808898926	3.4903136491775513	7.933662176132202	-4.874919056892395	.7360196113586426	8.574471116065979	-8.266560316085815	-8.20675814151764	4.945316314697266	-1.139703631401062	6.335989713668823	-4.987136960029602	5.641894817352295	8.063487648963928
-4.0727240815758705	10.318533897399902	7.25729238986969	-1.2886254787445068	5.382213473320007	-4.2450852394104	-.3635967969894409	.3315797448158264	6.196572661399841	2.972914218902588	-6.438981890678406	7.795366525650024	.6201599836349487	-3.2064285278320312	-1.2911781072616577	6.686080694198608	2.4270862340927124	-7.798666477203369	9.654942631721497	-7.567850828170776	-.2690011262893677	2.760531425476074	7.232754349708557	-4.45971417427063	5.2959359884262085	8.224949359893799	-2.089603304862976	-1.8714673519134521	5.130076289176941	-3.4934253692626953	-7.365475058555603	6.145009756088257	-6.42051088809967	-6.855652332305908	8.174059987068176	6.086665391921997	-3.0781155824661255	-.7270879745483398	-8.036061644554138	7.2180259227752686	5.460362792015076	-5.90863561630249	3.4488621950149536	-7.710054159164429	-3.882834553718567	-6.167995452880859	7.927049279212952	3.7583577632904053	.5274242162704468	-5.770914554595947	-6.106016993522644	8.50302243232727	-7.367088437080383	-6.512436866760254	6.8861624002456665	-5.953721284866333	-5.224209427833557	9.75184679031372	-6.175147891044617	1.2717936038970947	9.292364954948425	10.074548721313477	-.14016759395599365	2.6433122158050537	7.606829047203064	5.885234355926514	2.7131491899490356	1.923407793045044	-6.174982190132141	-4.040827751159668	5.522863984107971	-2.6077682971954346	6.82815682888031	7.886084079742432	5.186803936958313	6.566263437271118	-.13338768482208252	-4.9611053466796875	-4.793688178062439	-8.582939386367798	-8.346358895301819	-.9575181007385254	10.029996037483215	-3.9099910259246826	-5.040859341621399	-2.257573127746582	4.897480607032776	-3.876927614212036	-1.2966009378433228	-2.3262362480163574	3.1831551790237427	-1.8344571590423584	3.5508450269699097	-.9702701568603516	-1.7600749731063843	2.1967904567718506	-2.9962021112442017	-4.8694844245910645	2.742961049079895	-7.754986524581909
7.00514030456543	1.5812832117080688	6.780368089675903	-5.6711894273757935	9.337223529815674	-1.0070475339889526	9.055986166000366	6.196572661399841	.6061542630195618	-7.244090914726257	10.138389348983765	.5785826444625854	-8.648988246917725	-5.231218695640564	9.520278215408325	3.851697325706482	-3.7127132415771484	5.456160664558411	-6.083207368850708	5.16913115978241	-4.024080753326416	-9.039496779441833	-6.385568380355835	-3.6342769861221313	1.3840723037719727	-8.886281847953796	-7.965540170669556	-1.6123601198196411	-5.776950359344482	1.405917763710022	-5.42334246635437	-6.48887312412262	2.0420455932617188	-7.545832514762878	-.03692936897277832	2.061257243156433	-8.178104877471924	7.971235871315002	-4.91823935508728	4.630682349205017	2.06882381439209	7.2343446016311646	6.330554723739624	2.7983816862106323	5.40819787979126	-5.946081519126892	3.4607956409454346	-4.651587128639221	6.678274154663086	9.242335438728333	-3.0789082050323486	-7.0113383531570435	-9.476049900054932	3.5826765298843384	1.7010672092437744	4.5695918798446655	-2.509486198425293	5.2974759340286255	1.6751115322113037	-.19700443744659424	-4.382606029510498	-.9825290441513062	6.446130037307739	-2.5192571878433228	-.4680900573730469	1.2503520250320435	5.689293622970581	-4.80646812915802	-5.9569783210754395	3.3495126962661743	1.995788812637329	2.549639105796814	-3.764920234680176	2.9827996492385864	-.7834322452545166	-4.106330990791321	5.061575412750244	-8.89873731136322	-4.693901777267456	-6.474695801734924	-7.56110954284668	-5.592095255851746	-3.3338863849639893	3.4180554151535034	1.8400473594665527	3.3264318704605103	-2.010637044906616	2.4380115270614624	10.388459205627441	-5.529996752738953	9.603360891342163	6.062589526176453	-5.548320293426514	5.609981179237366	9.314137697219849	-9.400715470314026	-5.2648468017578125	5.144681096076965	1.7499892711639404	3.904419779777527
8.07486641407013	1.1942145824432373	-3.7623592615127563	3.449779510498047	7.233235955238342	10.739558458328247	-5.17513382434845	2.972914218902588	-7.244090914726257	1.6866608262062073	5.813783049583435	-.3296189308166504	10.884666562080383	10.986052751541138	9.85189139842987	-5.016251564025879	4.5713993310928345	-4.086608171463013	-5.914710640907288	10.045536518096924	.3005286455154419	-4.903829336166382	9.26922595500946	-1.5906658172607422	-7.992032408714294	-7.41495156288147	-5.706284165382385	7.740058422088623	-.6262301206588745	-6.911112546920776	-4.972710728645325	-7.9672956466674805	2.9158798456192017	11.443503141403198	-4.339257836341858	8.331095218658447	-2.416117548942566	10.580414056777954	-6.449113965034485	8.946632385253906	-5.147246718406677	3.995591878890991	10.564298033714294	-7.8229546546936035	5.316608548164368	4.71821141242981	6.92107093334198	-1.474858283996582	-3.217544913291931	-2.220599412918091	8.538563132286072	-4.582442760467529	-8.136059641838074	-6.81900954246521	10.87514865398407	3.4235057830810547	4.07510244846344	3.364265203475952	3.273967146873474	-1.02647066116333	9.42412006855011	-7.8212878704071045	5.806673884391785	2.5782480239868164	-4.492937445640564	.3507716655731201	-6.3828102350234985	-1.4528899192810059	-4.8983601331710815	-1.547412633895874	9.765451312065125	-1.7928581237792969	8.260952591896057	8.370755910873413	-6.428839325904846	-5.378302097320557	-8.092758059501648	10.275077104568481	3.4575356245040894	-2.190789222717285	10.925639748573303	5.087303876876831	-8.704940438270569	-7.538058757781982	-3.2420815229415894	-7.550107717514038	2.245231509208679	-2.8352718353271484	9.496241211891174	3.194751501083374	2.1043161153793335	-5.886261463165283	-6.523088335990906	-5.688006162643433	-.852906346321106	1.3352174758911133	-7.62587583065033	8.418684720993042	-6.529389977455139	3.404238224029541
5.473902463912964	4.7539485692977905	6.732322692871094	10.654056191444397	-.2159411907196045	5.9590290784835815	7.926626682281494	-6.438981890678406	10.138389348983765	5.813783049583435	1.2369826436042786	-2.5806416273117065	10.796100378036499	-1.0115596055984497	6.413525104522705	-3.6665815114974976	-7.409027814865112	-.1727367639541626	2.0717124938964844	-6.105174899101257	1.2451350688934326	-6.062360882759094	-1.07297945022583	2.016542077064514	4.678877115249634	9.979602217674255	-3.8961610794067383	9.222861409187317	9.056627035140991	9.771389842033386	2.2050728797912598	-7.131846785545349	3.880704164505005	7.758192420005798	-3.344106674194336	5.855615735054016	5.585068464279175	-1.0190964937210083	-5.452513217926025	-1.1439746618270874	-.370929479598999	-8.455130219459534	7.980805397033691	11.02648651599884	3.0912015438079834	5.588641047477722	9.910316944122314	-3.7708181142807007	2.762843370437622	-4.247279763221741	1.4877548217773438	7.7501221895217896	-7.257981538772583	4.148313403129578	-4.094131946563721	-5.482103705406189	10.527139902114868	7.826079726219177	2.742171287536621	-6.177578806877136	-1.3892385959625244	-2.255118489265442	-5.197305202484131	-.46630799770355225	-6.426672697067261	-5.75946581363678	2.4657344818115234	-8.179468035697937	-.3230774402618408	9.994556307792664	-3.474398136138916	10.36934244632721	10.959022760391235	1.5029195547103882	-3.463625907897949	9.102852940559387	10.826244115829468	6.044798731803894	-6.344356060028076	-8.601128935813904	-6.8519065380096436	-5.848678231239319	-5.011730194091797	-2.1909674406051636	10.850718259811401	-2.4256802797317505	3.4301257133483887	-4.722448706626892	-1.9893434047698975	1.7550767660140991	-4.9881486892700195	6.859969258308411	-4.55141282081604	-9.20691978931427	10.742601871490479	3.9419065713882446	-4.176920652389526	6.914770483970642	5.953798294067383	6.95781147480011
9.467638850212097	1.4980435371398926	-1.9426077604293823	.1486814022064209	6.656937956809998	.42456722259521484	3.444773316383362	7.795366525650024	.5785826444625854	-.3296189308166504	-2.5806416273117065	.14281994104385376	-8.240913987159729	-2.5752768516540527	2.102157711982727	-.5461556911468506	-4.79259979724884	-2.0019569396972656	-6.416290640830994	6.62279486656189	7.136099219322205	3.6202597618103027	1.945975422859192	7.691899538040161	-1.4095288515090942	-8.923592567443848	-.5616544485092163	9.310450315475464	-1.1400552988052368	10.309723377227783	-2.2112749814987183	6.957817316055298	-9.428160786628723	3.8903980255126953	-.45271527767181396	1.662198781967163	3.2851146459579468	4.984324932098389	-7.069788813591003	-7.78062891960144	-4.415878415107727	9.821850776672363	-6.836543440818787	-4.088561296463013	-2.3276487588882446	6.666525363922119	6.326488614082336	4.725584268569946	-.533814549446106	-1.7161483764648438	6.696040749549866	.07281851768493652	8.188646674156189	-5.089964389801025	10.589861989021301	9.006730318069458	-5.53685200214386	-8.279263496398926	.7104669809341431	6.942236661911011	-6.092756867408752	7.799816608428955	2.988885998725891	5.874332666397095	6.226376414299011	1.6080913543701172	.9284149408340454	-5.90315842628479	8.807632803916931	-6.0479207038879395	8.448365330696106	9.421164751052856	-1.1865121126174927	9.452752113342285	8.227814316749573	3.895031690597534	2.7755578756332397	3.514284610748291	-5.450645327568054	9.021250009536743	-2.3116503953933716	4.792804718017578	7.642844796180725	-6.523544549942017	-.39698946475982666	-6.8348565101623535	3.5291587114334106	2.329861879348755	-4.2789212465286255	-7.802414894104004	1.3639360666275024	6.762011289596558	-.011767029762268066	-5.885383129119873	-4.7186678647994995	6.283523797988892	-1.8119574785232544	9.267679214477539	-6.262232184410095	-.5461523532867432
-7.1176438331604	-2.5367707014083862	7.400702238082886	-3.026929497718811	-2.8692092895507812	2.1577659845352173	7.861592531204224	.6201599836349487	-8.648988246917725	10.884666562080383	10.796100378036499	-8.240913987159729	.6055009961128235	7.085048794746399	3.995778799057007	-8.490314602851868	-.9822840690612793	-.5272849798202515	9.932667970657349	6.541566252708435	6.069477081298828	-9.02089774608612	-7.847872972488403	-8.073762059211731	9.119079113006592	5.0298696756362915	3.919170618057251	4.703617453575134	2.2215757369995117	-4.291120409965515	5.4773290157318115	-1.7563000917434692	10.269911289215088	-2.7730525732040405	5.392398118972778	-1.0346914529800415	-7.41132926940918	-8.109408259391785	5.396189451217651	8.554844737052917	5.027829647064209	-7.429215788841248	1.7302801609039307	4.685037970542908	-7.443495750427246	1.6716996431350708	8.989763021469116	-2.766304135322571	7.356701374053955	-6.40053403377533	-2.533003568649292	-6.997545838356018	-3.5829315185546875	-2.2690857648849487	-3.004645586013794	-8.064473271369934	7.626643657684326	5.882328629493713	1.2929766178131104	-.16154444217681885	1.368605613708496	1.2781964540481567	-5.193481683731079	-3.4031392335891724	9.614023685455322	4.019958138465881	-2.9450995922088623	-4.104809403419495	9.515607833862305	-5.945242762565613	5.473059415817261	-1.5645285844802856	5.501458644866943	-7.355809569358826	-6.24430251121521	-3.3439422845840454	-1.1311826705932617	9.333057522773743	-5.298967599868774	9.950382113456726	-1.1221842765808105	-5.581888556480408	4.554547548294067	2.385705351829529	1.3452262878417969	-3.083191752433777	2.8527419567108154	1.9218662977218628	.7382121086120605	7.036057114601135	-.23311972618103027	.13003194332122803	5.7680768966674805	-8.859029650688171	-2.0532572269439697	-5.5885525941848755	4.484014987945557	1.2236133813858032	-8.135624647140503	-1.2838140726089478
10.262604355812073	10.111536264419556	-2.3570157289505005	7.797017574310303	-7.777665019035339	3.0859878063201904	2.199905753135681	-3.2064285278320312	-5.231218695640564	10.986052751541138	-1.0115596055984497	-2.5752768516540527	7.085048794746399	1.0778341889381409	3.5520280599594116	-7.815252780914307	10.111822247505188	-1.332554578781128	-7.587956547737122	-5.730607032775879	10.97294008731842	-4.211390733718872	-7.3525978326797485	4.33866548538208	-3.559702754020691	5.976614236831665	-1.6956311464309692	8.96373176574707	8.850197434425354	10.346572637557983	5.407723784446716	6.045836925506592	6.376834988594055	-4.859450101852417	3.304512858390808	1.5350542068481445	6.626044869422913	-.30368542671203613	9.507797598838806	-8.350965023040771	8.729052662849426	8.916088342666626	1.0404051542282104	-6.408241271972656	5.936224579811096	-7.764703989028931	-1.721321702003479	1.7722830772399902	-6.289182543754578	-3.908684492111206	-7.703774571418762	-7.476506233215332	-2.677271246910095	-3.1077721118927	8.70767056941986	10.320854663848877	-2.0577534437179565	-1.514432668685913	2.01240336894989	.5011577606201172	4.233799576759338	-8.872928857803345	-7.561670899391174	-2.5187268257141113	-8.55029284954071	6.949429750442505	10.285618662834167	4.476899147033691	5.023929238319397	-7.068963289260864	-1.2295414209365845	6.721312046051025	2.6658164262771606	-7.635261297225952	2.36880099773407	6.184116363525391	3.9538599252700806	-8.173414468765259	9.66011369228363	6.789994716644287	1.4294415712356567	-6.355419874191284	7.671130061149597	-7.862542152404785	-.8094161748886108	3.8674285411834717	1.7195991277694702	4.717594623565674	-5.014300227165222	-5.266710042953491	2.7580355405807495	5.632822036743164	-4.192656874656677	9.638526678085327	-.7825304269790649	-3.1843647956848145	-7.014041781425476	2.6064541339874268	-3.648802876472473	-8.252642631530762
2.0204031467437744	-.8017541170120239	5.022674083709717	11.08552086353302	3.054039716720581	-4.308435082435608	.7816448211669922	-1.2911781072616577	9.520278215408325	9.85189139842987	6.413525104522705	2.102157711982727	3.995778799057007	3.5520280599594116	1.3398526310920715	-9.220057368278503	-4.240923166275024	-1.589631199836731	10.26079797744751	4.101084351539612	.9163830280303955	4.718468070030212	-5.58729362487793	10.350700497627258	-7.755130052566528	-7.564306378364563	3.012101650238037	8.521833062171936	-2.372283697128296	-3.650967240333557	8.88063907623291	1.437602162361145	-6.714008569717407	-1.12757408618927	.6622395515441895	-7.530043959617615	7.372405290603638	8.015516638755798	7.666839599609375	-2.2415789365768433	2.065058469772339	-.14759838581085205	1.2141413688659668	-3.0711482763290405	6.161192178726196	7.490380644798279	-1.5226373672485352	9.312180638313293	-6.82906174659729	-6.461293339729309	9.82698678970337	-1.3368314504623413	-1.0889308452606201	3.0773357152938843	2.6745128631591797	-.6208456754684448	7.598747968673706	1.1256769895553589	5.8162055015563965	9.218804955482483	3.4452784061431885	1.6113427877426147	-3.7231550216674805	7.520865559577942	9.749854803085327	2.838898539543152	-6.346522808074951	4.922909379005432	-7.506687879562378	10.45861279964447	-7.040836334228516	-3.4199122190475464	-7.568124055862427	8.93520724773407	2.966731548309326	-3.1161197423934937	4.690912485122681	8.51660668849945	9.052523612976074	4.68084442615509	-.14132142066955566	-2.297310948371887	-2.4598517417907715	.9913660287857056	2.5800716876983643	-8.785964608192444	5.544229507446289	-1.771591067314148	-6.34962010383606	2.4606798887252808	8.314157009124756	-.08373486995697021	5.609031915664673	-1.4891401529312134	1.077836036682129	2.9093047380447388	-2.1666529178619385	9.559765696525574	-1.6145625114440918	-1.889274001121521
-2.0697323083877563	8.235666275024414	-4.478437781333923	-4.01556658744812	-.18209946155548096	-.9931750297546387	-5.042747378349304	6.686080694198608	3.851697325706482	-5.016251564025879	-3.6665815114974976	-.5461556911468506	-8.490314602851868	-7.815252780914307	-9.220057368278503	.1724591851234436	4.709042906761169	-4.33041524887085	5.353799939155579	4.789713144302368	-5.042403340339661	1.3096542358398438	7.824494957923889	8.247276067733765	-8.808215737342834	-6.904821872711182	-2.474120020866394	-7.418566465377808	-.26771557331085205	-3.249356269836426	-9.282889723777771	-3.4471943378448486	-4.762333512306213	5.627491474151611	9.479606747627258	-.5291593074798584	4.2981404066085815	-1.3271350860595703	6.560805916786194	3.412564992904663	-2.4706932306289673	-7.101639270782471	-3.2820900678634644	-6.058666944503784	-7.83409321308136	2.34877872467041	10.561636567115784	6.3255774974823	10.155572295188904	10.570871829986572	1.899969220161438	.25755906105041504	-4.247424244880676	-6.417903900146484	-8.418093085289001	6.0721166133880615	-8.3884197473526	7.33936071395874	1.8412142992019653	7.465417146682739	.3813894987106323	-3.292222023010254	3.1401716470718384	-.28629422187805176	3.798697829246521	-9.070586681365967	8.513324856758118	-.6079442501068115	-3.718159794807434	6.592035293579102	-3.5887645483016968	7.59311842918396	-2.975457787513733	9.097865581512451	9.044230580329895	-5.354126691818237	9.589670062065125	-.36767101287841797	5.226153016090393	-4.665621995925903	3.002980589866638	7.632803440093994	-5.281888842582703	-3.383481740951538	10.346871256828308	8.757369995117188	8.072229027748108	6.842757940292358	.8541301488876343	7.353562831878662	-6.024603724479675	-4.525110960006714	5.501685976982117	-8.572880744934082	-8.906981825828552	-4.695218324661255	2.1043580770492554	2.110729694366455	-2.587234377861023	-6.826865911483765
-4.338046073913574	2.244627594947815	-9.336835622787476	10.618833422660828	-2.97306489944458	9.646836400032043	2.4978034496307373	2.4270862340927124	-3.7127132415771484	4.5713993310928345	-7.409027814865112	-4.79259979724884	-.9822840690612793	10.111822247505188	-4.240923166275024	4.709042906761169	.7627609372138977	-5.652774691581726	1.0664479732513428	-7.402969479560852	-4.61566686630249	-2.32036817073822	2.735217332839966	3.560162901878357	.9130306243896484	-6.477761149406433	4.034579038619995	-2.571301579475403	.24950551986694336	8.302658677101135	3.8018133640289307	2.4163821935653687	9.380452156066895	3.575456738471985	4.1964662075042725	-5.214212536811829	3.724205493927002	3.9909015893936157	5.5440990924835205	1.0670655965805054	.22449111938476562	9.763714909553528	-2.319960832595825	-1.2233039140701294	-.05582475662231445	5.641821503639221	-6.206870794296265	2.636236548423767	-3.8409852981567383	3.375099301338196	7.769477605819702	-.7089272737503052	1.9514069557189941	-5.315870642662048	-1.9637916088104248	-6.470831513404846	6.304140090942383	-1.2710541486740112	1.9052112102508545	.999815821647644	5.694142818450928	1.0777860879898071	2.41689133644104	-3.5676151514053345	3.186234474182129	9.175840497016907	-7.316080331802368	3.3550738096237183	2.0268750190734863	5.314002633094788	8.73498272895813	-2.6863409280776978	-2.2620849609375	8.09761917591095	7.858532667160034	10.590245127677917	-2.28965425491333	-.5847600698471069	-8.553462743759155	7.422014594078064	-7.701951026916504	6.907367825508118	-.6617701053619385	-8.280021786689758	-6.5884528160095215	-8.064791083335876	9.663859605789185	-3.7122751474380493	6.611753463745117	-7.950577616691589	6.188441038131714	2.540171504020691	6.703721523284912	-4.041129469871521	.15550446510314941	-7.277686715126038	2.8303956985473633	-7.000631213188171	9.630845785140991	10.627973437309265
5.919771313667297	3.3625447750091553	9.292659163475037	-3.62703800201416	-3.3767541646957397	-.551278829574585	9.218690752983093	-7.798666477203369	5.456160664558411	-4.086608171463013	-.1727367639541626	-2.0019569396972656	-.5272849798202515	-1.332554578781128	-1.589631199836731	-4.33041524887085	-5.652774691581726	.728788435459137	6.976361632347107	10.45316457748413	-8.238300204277039	-3.30036997795105	-7.664836049079895	-4.018425941467285	-1.341347098350525	2.0318305492401123	2.3294414281845093	7.97495698928833	9.290141224861145	7.908289194107056	6.89022433757782	1.9908084869384766	3.236609101295471	5.72732138633728	4.270808577537537	6.635451793670654	-5.489858508110046	-5.017054319381714	-4.10949432849884	5.782788276672363	-6.351786017417908	5.733633756637573	7.678392767906189	-.7069525718688965	.3074427843093872	-2.4289395809173584	3.9170626401901245	-.768463134765625	1.3573347330093384	2.088853597640991	4.586373686790466	-5.412607669830322	8.474037289619446	-4.148655652999878	9.207199931144714	-2.5076723098754883	4.2340885400772095	7.862316846847534	-8.814818978309631	-4.060615062713623	-6.291832804679871	8.533758401870728	4.654472231864929	2.0016841888427734	-6.445157408714294	5.154609441757202	8.821494460105896	1.5511736869812012	5.614324688911438	-5.140486478805542	-9.191315770149231	-2.52262020111084	-.9977859258651733	6.097567319869995	3.9982436895370483	4.40615701675415	9.703251957893372	-4.3989293575286865	.8758906126022339	-6.081562042236328	-8.334929823875427	-9.145723581314087	7.374608397483826	-7.731016635894775	-4.60805881023407	-1.937859296798706	-7.281603932380676	-.3948678970336914	.03852808475494385	-5.380927324295044	6.766018271446228	9.685551166534424	-.9963654279708862	-5.922315359115601	-8.145244717597961	2.0989856719970703	-4.97604501247406	-4.382457971572876	2.1441529989242554	2.983008861541748
-.9204237461090088	9.199160933494568	-4.770493507385254	-1.9571584463119507	3.833763360977173	4.608648180961609	-7.2740044593811035	9.654942631721497	-6.083207368850708	-5.914710640907288	2.0717124938964844	-6.416290640830994	9.932667970657349	-7.587956547737122	10.26079797744751	5.353799939155579	1.0664479732513428	6.976361632347107	.295826256275177	8.707535862922668	-8.615997552871704	5.6728047132492065	.0667119026184082	6.63363516330719	8.774958848953247	.5865329504013062	6.32281494140625	-8.299022555351257	-9.599061250686646	8.400476336479187	2.138099193572998	-4.048567175865173	-7.048238515853882	3.247325301170349	-.8747644424438477	-3.024300456047058	10.048887014389038	-.14452660083770752	4.562910556793213	10.132053971290588	-5.660834074020386	6.017767310142517	2.7395763397216797	-.7348994016647339	10.088589429855347	-8.439743161201477	-1.2027993202209473	2.924522042274475	-8.723960638046265	.8109449148178101	6.075016975402832	-.9161709547042847	9.18703818321228	-4.431462407112122	-.04672574996948242	-8.640889525413513	8.507498979568481	2.571194052696228	-7.803012847900391	1.7277833223342896	-1.0825245380401611	-7.534723401069641	7.799685955047607	-1.2526572942733765	-5.8150880336761475	5.274100661277771	9.327166557312012	-2.7258881330490112	-4.2406065464019775	3.3666847944259644	-.23875951766967773	-8.318007826805115	4.865895509719849	-7.073499321937561	-9.156515121459961	.581213116645813	-7.901465654373169	.9202231168746948	5.918992519378662	2.037082314491272	-1.4856832027435303	7.566480040550232	4.280121803283691	-8.711264491081238	-5.773109674453735	-5.69539749622345	1.010246753692627	9.967886567115784	.5002930164337158	6.26337468624115	-5.672492980957031	-4.182422518730164	-4.657296419143677	-2.7702161073684692	-2.571442127227783	-5.08907163143158	-1.399808645248413	9.117770552635193	7.832320213317871	-7.630112528800964
2.5133875608444214	3.129912853240967	4.982688069343567	-5.94848370552063	-5.036388039588928	5.506448745727539	2.475476861000061	-7.567850828170776	5.16913115978241	10.045536518096924	-6.105174899101257	6.62279486656189	6.541566252708435	-5.730607032775879	4.101084351539612	4.789713144302368	-7.402969479560852	10.45316457748413	8.707535862922668	.754237711429596	-8.845280289649963	-.25014257431030273	.024807095527648926	7.934198617935181	.2973850965499878	2.909435272216797	8.75527536869049	8.063796758651733	-6.442113518714905	3.5395407676696777	-1.1972626447677612	8.821820497512817	-8.623956799507141	9.52286434173584	-4.470136046409607	1.5489680767059326	-8.876684784889221	9.337799549102783	9.965341687202454	-4.646484136581421	9.196553111076355	4.527193069458008	10.14762270450592	7.830068349838257	-6.388251900672913	8.667094707489014	4.9686747789382935	1.2783081531524658	2.097782015800476	-.16449260711669922	1.5177313089370728	7.421746015548706	-.309822678565979	-6.418862819671631	8.925041317939758	-6.3735291957855225	4.824847102165222	10.392143249511719	2.70561945438385	5.61989951133728	-9.06815493106842	-5.33511209487915	1.6029959917068481	-4.290472745895386	5.529115557670593	10.172686576843262	-8.067033171653748	-7.4983227252960205	-6.183756470680237	3.034557819366455	10.427343487739563	-5.879749059677124	.7682045698165894	-6.81602668762207	2.57770311832428	-7.074522256851196	10.729114890098572	1.3376078605651855	5.479138493537903	-9.267334699630737	8.50598132610321	-8.535910606384277	2.174008011817932	-3.469050645828247	-2.0375486612319946	8.752748966217041	-8.504314303398132	-4.297956228256226	-5.8874369859695435	-7.917629241943359	-4.5876888036727905	-.26100945472717285	8.714495062828064	8.989942073822021	10.870539784431458	-1.5350902080535889	5.364316821098328	5.139403343200684	9.139292359352112	.7517497539520264
.7232060432434082	8.648500561714172	-7.349848031997681	3.8484967947006226	9.248679161071777	-.6605638265609741	-6.734233617782593	-.2690011262893677	-4.024080753326416	.3005286455154419	1.2451350688934326	7.136099219322205	6.069477081298828	10.97294008731842	.9163830280303955	-5.042403340339661	-4.61566686630249	-8.238300204277039	-8.615997552871704	-8.845280289649963	1.1919477581977844	-1.3192557096481323	-7.7647154331207275	8.524822115898132	10.229305744171143	-.7319282293319702	6.967110872268677	-2.0586992502212524	-3.9524383544921875	10.048094868659973	9.976380109786987	-5.346314549446106	9.516734600067139	-6.330870985984802	10.766388177871704	-1.4817005395889282	-4.101090431213379	10.875192761421204	2.006446599960327	-5.340955853462219	-3.0184378623962402	-7.025242209434509	.8756325244903564	4.186149001121521	-6.328691482543945	-9.190501093864441	-7.093461275100708	.4149216413497925	4.087655544281006	-2.7769559621810913	9.329023599624634	-6.415502190589905	-8.843249320983887	10.02972424030304	.9139611721038818	7.076591372489929	8.705132007598877	-.5166763067245483	2.316991090774536	10.134244322776794	3.053478240966797	-2.754170298576355	-1.0777313709259033	6.080576777458191	2.110358715057373	1.8561826944351196	11.186214685440063	2.0375369787216187	-1.0340166091918945	-8.300973773002625	7.4812657833099365	-7.855348706245422	-6.014047145843506	-3.5265430212020874	-7.560375928878784	-7.722225785255432	-5.594991683959961	-5.838225245475769	9.797007322311401	-4.732161641120911	-4.57921838760376	-6.501767516136169	-3.263601064682007	8.619604468345642	-1.2124547958374023	-8.062213778495789	-6.268202066421509	-6.269588589668274	4.909962177276611	-1.8751548528671265	1.8919689655303955	-4.391073822975159	-1.5631637573242188	6.862021565437317	-5.195807695388794	5.093893885612488	-6.645138263702393	-1.4211190938949585	7.878013849258423	-.4271122217178345
