.39658215641975403	-5.974938400089741	-1.3285199478268623	-4.985455043613911	-1.9837981536984444	-6.720074661076069	-7.672959454357624	-7.97023731470108	-1.6558046340942383	-7.518418490886688	-2.3125449419021606	-1.5264261364936829	3.9405057430267334	-2.6861013770103455	2.3987804651260376	-4.440445005893707	-.0562891960144043	.18776923418045044	-8.709714531898499	-5.213087379932404	-.29273486137390137	-1.0142993330955505	-6.696196436882019	-4.410576403141022	-6.773775100708008	-7.858041942119598	-1.641292691230774	.8823100924491882	-6.628377199172974	1.3144393563270569	9.211283326148987	-1.1408854126930237	-8.625156879425049	-3.6934496760368347	.5641072988510132	-1.9614251255989075	-7.438003301620483	-5.760920464992523	-6.574581027030945	-2.438500940799713	-1.6617040634155273	-3.0279266238212585	-1.2815028429031372	2.7376405596733093	-4.577570199966431	-4.223288953304291	-7.858965277671814	-8.15742689371109	-4.669061183929443	-2.74282044172287	-.7254863977432251	-.8354342579841614	4.112590074539185	-6.477451264858246	-6.056420207023621	.30145782232284546	-2.667247772216797	-3.3913537859916687	-3.1745816469192505	-1.2924659848213196	-8.692229509353638	-8.850067555904388	-1.6908715963363647	-1.5096006989479065	-8.410658359527588	-7.698624312877655	-5.394901871681213	-8.542146027088165	-4.3011109828948975	8.910327017307281	.10437977313995361	-1.585231363773346	.1119375228881836	-1.0616046786308289	-.01193535327911377	-7.2900407910346985	-6.507511377334595	-3.866677701473236	-6.9133418798446655	-7.966938078403473	-6.822604656219482	-.049142539501190186	-9.010545372962952	7.461408317089081	-1.0892627239227295	-2.273366868495941	-.5960873365402222	-3.2430997490882874	-1.171804428100586	-5.901960551738739	-7.234970211982727	-2.0871151089668274	-6.308572053909302	-1.3239006400108337	-4.905282378196716	7.951029717922211	-7.627556324005127	-.03265637159347534	-2.88882315158844	-7.031802475452423
-5.974938400089741	1.8337704241275787	-3.0387454628944397	.6515309810638428	-1.96147221326828	-.1325453519821167	-3.761586010456085	1.5048537254333496	4.6364365220069885	.6051634550094604	-7.168870985507965	-.6692702770233154	.3361251950263977	10.25338327884674	-.33634501695632935	.9750452041625977	-.5568031668663025	-7.200886368751526	-1.830963671207428	-5.578618288040161	-7.579518973827362	-1.1407631635665894	.648481547832489	-1.9121088981628418	-1.127591073513031	-7.8976069688797	-7.119261801242828	-3.6258294582366943	-6.220611751079559	-8.079144835472107	-4.01853209733963	1.4581375122070312	-7.017821729183197	-1.647596001625061	-4.487378656864166	-1.657095193862915	-1.083735167980194	1.252203106880188	5.841813266277313	-4.846344470977783	2.5962353348731995	-2.28532612323761	-6.248302519321442	-1.3154819011688232	-7.149846255779266	-3.2546294927597046	-6.700658142566681	1.1954412460327148	-4.1960644125938416	-4.817144989967346	.9256033301353455	-6.540930986404419	-5.384277045726776	-2.1294277906417847	-6.1854971051216125	.05761575698852539	-5.53974050283432	-7.92127525806427	8.502600610256195	5.929741144180298	-6.236734569072723	.17614805698394775	-6.261629402637482	-.8325748443603516	-7.314187467098236	-2.4478145837783813	-3.408423960208893	-1.9371569156646729	-4.141300857067108	-4.211437106132507	-5.187355816364288	-7.594759464263916	-.6331748366355896	8.08126437664032	-.5579586625099182	-2.972191572189331	-6.01643294095993	-4.08759343624115	7.6696478724479675	-6.395442008972168	-8.34484714269638	-1.0278860330581665	-8.055866777896881	-.30280423164367676	-.7649628520011902	-2.66960608959198	1.3323308825492859	-7.948001384735107	-5.531723916530609	.8590115308761597	-3.8713865876197815	10.14668869972229	.22590237855911255	-3.0966352224349976	-1.2857325673103333	-5.012691497802734	-.010699689388275146	-5.795640587806702	10.66686862707138	-.8449041843414307
-1.3285199478268623	-3.0387454628944397	1.7508175671100616	-7.776985347270966	-3.006842255592346	-5.729507267475128	-2.2248828411102295	-3.538080632686615	-5.624364733695984	-8.158340513706207	-4.471012115478516	-2.4718863368034363	-1.287324070930481	-3.2477076649665833	-8.019078493118286	2.2284212708473206	-4.166679739952087	-6.424671709537506	-4.287600040435791	-.24263876676559448	-1.0261646509170532	-5.236412823200226	-2.5769307613372803	10.994022905826569	1.7620898485183716	7.071646630764008	-7.459885597229004	-5.95105904340744	-5.548071026802063	-5.772282898426056	-6.922365427017212	-3.939029633998871	-.5924504995346069	-8.144483149051666	-3.2539820671081543	-1.7558385729789734	-3.1621252298355103	-3.3538530468940735	-8.688683271408081	-3.815365254878998	-3.219070315361023	-6.220033705234528	-1.7953777313232422	-4.612543761730194	-1.661784291267395	-8.401533424854279	-2.6185600757598877	-1.9264878630638123	-.8409141302108765	-2.4738526940345764	2.4310641288757324	6.226383984088898	-4.824880242347717	8.242390811443329	-1.0640466213226318	-3.110776364803314	-4.4155014753341675	-5.896662771701813	-6.9188947677612305	-1.288371741771698	-5.913620114326477	-8.186240494251251	4.5134313106536865	-5.253484666347504	-2.634726881980896	-7.651061594486237	-7.548867702484131	-.5030023455619812	-2.1745859384536743	-5.873462498188019	-1.9569270610809326	.21325832605361938	.575140118598938	-1.571521818637848	6.978157043457031	.4394257664680481	-3.338734745979309	6.072814643383026	-7.655297517776489	-8.189551293849945	-.4465450048446655	-2.6643911004066467	-6.260183811187744	-6.90102881193161	-1.1213985681533813	-5.8771942257881165	-1.3712308406829834	-6.487792432308197	-3.5948017835617065	-.6078920960426331	-3.045628547668457	-3.761182487010956	.2777155637741089	-5.1751492619514465	-8.003652811050415	-2.7542189955711365	.5009752511978149	-5.252122461795807	-2.5192904472351074	5.325273334980011
-4.985455043613911	.6515309810638428	-7.776985347270966	1.801274687051773	-7.043236315250397	.7556440830230713	9.15437251329422	2.8304935693740845	7.645149409770966	-1.9161090850830078	-6.430379807949066	-6.209513306617737	-1.6884642243385315	.8375413417816162	1.3313682675361633	-2.90446937084198	-7.965036690235138	-5.160467624664307	-7.7289013266563416	-6.809855580329895	-6.698300898075104	-6.207316160202026	-1.6615425944328308	-5.796582579612732	-3.010388195514679	-4.298426628112793	-3.7893704771995544	-.5041157007217407	-5.3974533677101135	-4.4555885791778564	-.8482858538627625	7.456400036811829	-.24529963731765747	.1949162483215332	-3.877900540828705	.5490149259567261	-6.095003664493561	-2.405811071395874	-3.8621622920036316	-4.390150427818298	-1.6585405468940735	-5.827411651611328	-8.119979798793793	-.6060301065444946	-6.584408819675446	-.4783937931060791	-5.445847690105438	-4.627737879753113	-1.973255455493927	-7.684257984161377	8.999528467655182	-3.221692204475403	9.356499135494232	10.484378099441528	-7.951392829418182	-8.094741225242615	-2.146963894367218	5.633654594421387	-8.863614022731781	.6527122259140015	-1.5344868302345276	-4.281655550003052	-2.840223491191864	-2.676414370536804	-.8715603947639465	-7.036271572113037	.5869794487953186	-2.3290082216262817	-6.503948748111725	-2.9625298976898193	-6.183140456676483	.19511377811431885	-2.0733144879341125	.47149085998535156	3.7883206009864807	-.30991995334625244	-5.28284364938736	-4.666155099868774	-5.16031950712204	-.9591606855392456	-1.412870705127716	-6.849405765533447	7.818046152591705	-1.7299643754959106	.4134964346885681	7.077683687210083	1.438688576221466	-2.1651166677474976	-6.785248577594757	-8.677184104919434	-3.1055821776390076	-7.825957894325256	-3.6146355271339417	-1.182673692703247	-1.2850419878959656	-1.495508074760437	1.1801573634147644	-4.861941814422607	-8.123677670955658	6.8684080839157104
-1.9837981536984444	-1.96147221326828	-3.006842255592346	-7.043236315250397	.9554729759693146	-5.2565619349479675	-7.320966362953186	-7.372214615345001	.7273247241973877	-2.6011285185813904	-1.457011103630066	.43779224157333374	-3.891590118408203	6.03512841463089	-1.0954324007034302	-3.988448917865753	-8.970309495925903	-1.6107916235923767	-1.0531858205795288	11.082643449306488	-.2960038185119629	-1.1720063090324402	-5.279062867164612	-2.1807788014411926	5.485758066177368	-5.2298755049705505	5.755684018135071	-5.629118502140045	-2.89461612701416	-.6421262621879578	-3.083283543586731	-3.3344581723213196	4.153632879257202	-3.620977818965912	-2.484014868736267	3.456314980983734	2.815990924835205	-.5612666010856628	-4.328895211219788	-3.381615936756134	7.857045412063599	9.38142877817154	-8.085270762443542	-3.304122507572174	-8.145139694213867	-1.0373374819755554	-5.946073651313782	-.301256000995636	-5.314648866653442	-1.229003369808197	-7.720446944236755	.14962762594223022	-6.743340015411377	-2.6001240611076355	-2.4743696451187134	-3.6192572712898254	-3.506469488143921	-4.130496919155121	.07871830463409424	-2.919251024723053	-3.428317070007324	.2987135052680969	-7.5627089738845825	-5.908373653888702	-2.597810983657837	-.17314952611923218	-4.578888297080994	-.5444498658180237	-2.634152889251709	-.21435993909835815	.5306075811386108	6.711765944957733	-3.7024428844451904	-2.878933846950531	-7.443755030632019	-5.556535303592682	-1.2793045043945312	-2.9347545504570007	-7.562095761299133	-1.9253423810005188	.33149027824401855	-6.941697537899017	-3.625745177268982	-1.0829487442970276	-8.266603946685791	8.92024451494217	7.182130217552185	-2.5330775380134583	-5.57853102684021	-1.7271632552146912	-1.0940970182418823	6.951993405818939	-4.983258247375488	-7.788522899150848	7.676859736442566	-7.871693432331085	.750598669052124	-6.7729286551475525	-1.1774238348007202	-.6729002594947815
-6.720074661076069	-.1325453519821167	-5.729507267475128	.7556440830230713	-5.2565619349479675	1.876774936914444	-5.6248422265052795	9.961745977401733	-1.1160942912101746	-2.5081881284713745	-2.355720341205597	-7.064901828765869	-6.734383523464203	-4.368986248970032	1.8245992064476013	-8.332192182540894	-1.5160905718803406	-4.946043372154236	-6.260214149951935	-6.09091854095459	-5.857760846614838	-.10685217380523682	-1.4183269143104553	-4.657304048538208	6.485661804676056	-5.167147517204285	-7.48036652803421	5.133873462677002	-5.36478990316391	-2.2190314531326294	4.5599536299705505	-2.27384352684021	-3.927731692790985	4.790901780128479	-4.344790756702423	-2.1117172241210938	-7.62705272436142	-.7665592432022095	-6.936359941959381	1.0110604763031006	-8.807540595531464	-.7813681364059448	-6.0414751172065735	-1.345757007598877	-4.500506341457367	-7.732345700263977	.28755658864974976	-4.656595945358276	-6.93940943479538	-8.765304923057556	-6.117782890796661	-8.383187294006348	-3.8254827857017517	4.478824019432068	-5.182847559452057	-.6776916980743408	-3.343357741832733	.285868763923645	.019547641277313232	-1.8358244895935059	-2.926689088344574	-.4597102403640747	6.128501832485199	-1.4999806880950928	9.226219952106476	3.6470552682876587	-4.39559680223465	8.387639999389648	-3.1132072806358337	-2.296483635902405	-.9116960167884827	-5.118091821670532	-7.219445884227753	-4.078718066215515	-1.98870450258255	7.581639766693115	-8.178494393825531	-1.7019063234329224	-2.546116888523102	.4264709949493408	7.596500217914581	.5397011041641235	-4.744638741016388	.7437334060668945	-3.9003824591636658	-3.7682634592056274	-6.6268115639686584	-7.454671144485474	-8.283461272716522	-3.7384098768234253	-7.507637798786163	.07460451126098633	1.458921492099762	-3.50971519947052	-7.115205824375153	-3.3967721462249756	.44877511262893677	1.6743513345718384	-8.481314957141876	-5.521938323974609
-7.672959454357624	-3.761586010456085	-2.2248828411102295	9.15437251329422	-7.320966362953186	-5.6248422265052795	1.8721664249897003	-3.9336225390434265	10.065050482749939	-6.828151524066925	-4.590961217880249	-5.34797328710556	.2253791093826294	-8.224968016147614	1.621027946472168	-3.301550567150116	-5.6954346895217896	-2.609283745288849	.5837533473968506	-2.4279603362083435	4.835751175880432	-.1064038872718811	-6.456264019012451	-3.176238238811493	7.243680357933044	-4.03987580537796	-1.0249640941619873	-6.263974606990814	-3.9209269285202026	-8.259614050388336	-5.561372756958008	-.8804394602775574	.5030010938644409	7.779974639415741	-4.308226823806763	.3602924942970276	.021262764930725098	-1.8081336617469788	11.047400951385498	1.7162168622016907	-3.5312420129776	8.078294932842255	-5.016523122787476	-.13572543859481812	-6.756136775016785	-1.7973728775978088	-6.997618675231934	.6972268223762512	-5.207193493843079	.9112374186515808	-3.259716272354126	-7.629469811916351	-3.655957579612732	.3053831458091736	-7.673482418060303	.5992115139961243	-1.1073728799819946	-3.3369205594062805	-1.0070445537567139	-4.795257031917572	.4345933198928833	-.8890257477760315	-8.06661605834961	-7.08808296918869	-5.548674702644348	-6.453776657581329	-1.5871212482452393	-5.60427850484848	2.643933892250061	-4.191634714603424	.12717962265014648	-4.421785533428192	-8.08236849308014	-2.8988035321235657	-4.187934637069702	1.175399363040924	7.616107106208801	.6646460890769958	-5.897271156311035	-3.5059000849723816	.005901217460632324	-8.30334883928299	-7.3568480014801025	6.478835165500641	-1.989219069480896	-.47496849298477173	-.5545191764831543	-.9913055300712585	-4.803885102272034	-2.970635235309601	-2.5005996227264404	-1.5557875037193298	-5.996751666069031	-1.6871386170387268	-4.368490219116211	-5.575755774974823	11.233878016471863	-7.3757603764534	-4.385302782058716	-8.087160050868988
-7.97023731470108	1.5048537254333496	-3.538080632686615	2.8304935693740845	-7.372214615345001	9.961745977401733	-3.9336225390434265	1.273146539926529	-7.792771875858307	-1.7809674739837646	-7.301917731761932	-8.938713431358337	-2.1104400753974915	-7.793720245361328	-.01372617483139038	.0030034780502319336	-2.7680397629737854	9.548801183700562	8.907037556171417	-2.3697136640548706	-5.201178848743439	-9.097458362579346	10.23814445734024	-8.224650502204895	-6.953863680362701	-1.2747962474822998	-3.0150954127311707	-4.998147368431091	-1.4441240429878235	9.94812297821045	-3.760457932949066	-3.5982242822647095	7.520361840724945	.8981425762176514	-1.709429919719696	-3.3577059507369995	-8.523357689380646	-3.5305113792419434	-9.01783412694931	-1.7373467683792114	-.709132730960846	-2.454355001449585	-6.676454246044159	-8.778955817222595	-3.6073368191719055	-4.328771591186523	.34834009408950806	-.3085218667984009	-5.7404919266700745	-1.0261366367340088	-1.7760316729545593	-4.889338374137878	.15110653638839722	-7.663942813873291	-7.388986051082611	-8.525128483772278	-7.9062352776527405	-8.18292498588562	-2.727400481700897	-8.11317002773285	.11476534605026245	7.324814796447754	-3.0662383437156677	1.3525794744491577	-5.273257315158844	.537682294845581	-6.609173953533173	-6.171642184257507	-.3379424214363098	-1.9235339164733887	-2.129217565059662	-6.482526898384094	-1.142827570438385	-3.0737874507904053	-6.3593403697013855	-1.582821249961853	-.3129737973213196	1.1081008911132812	8.866900503635406	2.1155484914779663	-.5505905747413635	-8.398681879043579	-4.275263011455536	-7.161648631095886	-.9006608128547668	8.514934062957764	1.7575650811195374	-3.2540732622146606	-.7665658593177795	.5097763538360596	-5.513680160045624	-8.519940733909607	-5.675710499286652	2.4703054428100586	-7.731149613857269	-5.039146065711975	-1.795147955417633	-.5735104084014893	-8.59070509672165	-4.566388964653015
-1.6558046340942383	4.6364365220069885	-5.624364733695984	7.645149409770966	.7273247241973877	-1.1160942912101746	10.065050482749939	-7.792771875858307	1.8860755264759064	-1.6091391444206238	.7349103689193726	-2.834630310535431	2.708099603652954	-7.372677743434906	-.6513289213180542	-3.8420634865760803	-5.606474876403809	-7.628842532634735	-.27438080310821533	.3045751452445984	1.0941827297210693	7.848623812198639	-.5986617803573608	-6.117187559604645	-6.101121425628662	-5.162263572216034	1.8889507055282593	-.3483794331550598	1.772395372390747	-2.6598567366600037	-1.461506724357605	.6482920050621033	-2.960132598876953	-7.49699991941452	-2.3537083864212036	-4.7646854519844055	1.1211555004119873	-.20915454626083374	-1.1856645345687866	-2.602753698825836	-3.4847779273986816	8.407475769519806	-3.440346360206604	-7.712409317493439	-3.96549391746521	-8.032179772853851	-4.826310992240906	-6.974328577518463	-7.710701942443848	-5.580184161663055	-6.168326497077942	-6.256492435932159	-2.5778849124908447	.2162824273109436	4.952003121376038	-5.117311537265778	-1.9079241752624512	-1.2632023692131042	2.8056129217147827	9.741248786449432	-3.290724515914917	-3.040428102016449	-3.6246479749679565	-2.7294564843177795	-.08083915710449219	-2.6166765093803406	-4.53464138507843	-.8778770565986633	-8.663094758987427	11.199153482913971	-6.939565062522888	.944607675075531	-1.4682164192199707	-6.287579238414764	-2.0645776987075806	-4.0694363713264465	-3.738452672958374	1.0146170258522034	-2.4854239225387573	-3.386622965335846	2.9567995071411133	-.09475821256637573	-3.0190593004226685	-6.085870563983917	-5.544630289077759	.06367737054824829	.635724663734436	10.43847268819809	-.013310909271240234	-6.528936088085175	-3.492324471473694	-5.976496040821075	-3.593834638595581	-7.917825639247894	-2.787545084953308	6.534640729427338	-6.320442199707031	1.7472894787788391	-2.9379864931106567	-6.087504208087921
-7.518418490886688	.6051634550094604	-8.158340513706207	-1.9161090850830078	-2.6011285185813904	-2.5081881284713745	-6.828151524066925	-1.7809674739837646	-1.6091391444206238	1.0046564638614655	-1.8279319405555725	-4.482498407363892	-6.904036223888397	-3.697708010673523	-5.969374477863312	-3.6424736976623535	6.343813002109528	-.8063660860061646	-2.5444069504737854	.4009392261505127	.05855447053909302	-.421139121055603	-9.095570862293243	-.02785778045654297	-8.499130666255951	-7.467136979103088	-4.687868654727936	-1.6230175495147705	8.307415306568146	-6.145836710929871	-8.049388706684113	-8.30037260055542	-6.024798333644867	-5.0132075548172	-8.461930334568024	3.849439859390259	-6.404035747051239	-7.807835936546326	-1.4016287922859192	-3.1421470642089844	-4.1594595313072205	-6.0290504693984985	-4.929580271244049	-3.5747549533843994	-7.806755721569061	-4.265046954154968	-4.832466900348663	-1.2821850776672363	-3.5637587904930115	-4.271013379096985	.48681825399398804	-6.585543394088745	-5.616076648235321	-4.797254920005798	8.368546187877655	-.9963655471801758	-1.13271564245224	-7.167318940162659	10.505526959896088	-.6697418689727783	-9.031705558300018	-2.606119990348816	5.802484691143036	6.392557621002197	-1.495724618434906	-4.31806480884552	-3.5145674347877502	-2.611041784286499	8.762275516986847	-4.315177321434021	.46104782819747925	-3.985044479370117	-4.5165552496910095	-7.995223641395569	-6.073953211307526	-3.9900095462799072	-7.902590453624725	-7.469837069511414	-5.773440182209015	-7.045675754547119	-1.7933520674705505	8.357356905937195	-1.0324936509132385	-6.684086561203003	3.320864498615265	-4.037384390830994	-2.6280301213264465	-2.2527151107788086	-7.158634603023529	-3.376045823097229	-5.109427034854889	-5.367589235305786	-7.704566657543182	-5.906979441642761	-5.939147770404816	-1.1164164543151855	-7.179297387599945	-1.4830294847488403	-8.383366644382477	-8.011708974838257
-2.3125449419021606	-7.168870985507965	-4.471012115478516	-6.430379807949066	-1.457011103630066	-2.355720341205597	-4.590961217880249	-7.301917731761932	.7349103689193726	-1.8279319405555725	.43230465054512024	-5.519844233989716	.6695626974105835	-.688747227191925	-7.290600538253784	-2.5195183157920837	-.09019458293914795	-3.522235929965973	-4.259347915649414	7.201041519641876	7.147457957267761	4.635474860668182	-7.911990404129028	-3.7603253722190857	-1.020861029624939	-5.242287218570709	-7.352592945098877	-.5743343234062195	-6.3725563287734985	-.2085617184638977	-.09830641746520996	-4.383380353450775	-3.5746811628341675	-.42088037729263306	7.030007362365723	2.7453368306159973	-4.449562191963196	.030607879161834717	-7.732849359512329	-1.883312165737152	-5.9904245138168335	-9.454988062381744	-7.487035274505615	-6.045511424541473	-1.1270166635513306	-1.3174265027046204	-1.8082950115203857	-5.8016247153282166	.758764386177063	-3.913457930088043	8.36141586303711	7.550679504871368	-6.432751774787903	-1.344950020313263	-.9266941547393799	-7.2266969084739685	9.465366005897522	-9.03701263666153	-8.018877506256104	-4.765406787395477	.1210254430770874	-1.066122829914093	-2.7994725704193115	-.29378265142440796	5.1874858140945435	-2.2382498383522034	-.5815286636352539	-2.5899617075920105	-4.96226704120636	-4.916980087757111	.25256896018981934	-2.685010850429535	7.748854279518127	-3.6016421914100647	.8604741096496582	-.3160516619682312	-7.663586258888245	-8.255431950092316	-5.200745344161987	-2.1293854117393494	-4.761173129081726	-4.3835373520851135	-2.865232467651367	-2.6336180567741394	-5.948264241218567	-.8612635731697083	-4.1989662647247314	-.9027852416038513	-6.487615942955017	-.5121579766273499	-3.79038667678833	-7.029477298259735	-.26600801944732666	-2.4361351132392883	-7.891019582748413	-3.3279642462730408	5.690131306648254	-8.087601721286774	-7.3061017990112305	-4.287320792675018
-1.5264261364936829	-.6692702770233154	-2.4718863368034363	-6.209513306617737	.43779224157333374	-7.064901828765869	-5.34797328710556	-8.938713431358337	-2.834630310535431	-4.482498407363892	-5.519844233989716	.17504921555519104	-4.541472017765045	-7.249498128890991	-5.997576415538788	-5.902626395225525	.6731969714164734	-8.788736343383789	-1.0202178359031677	-6.533323884010315	-4.718239843845367	-1.2996656894683838	-3.674019992351532	-8.402588725090027	-1.3066638112068176	-3.4964585304260254	4.749452173709869	-1.3686362504959106	-8.056979715824127	-2.119654417037964	-5.454452216625214	-1.2613614797592163	-6.823740780353546	-7.014285087585449	-3.294094979763031	-4.835464119911194	-6.6167736649513245	-1.9579994678497314	-2.7221738696098328	10.526426434516907	-1.6168034672737122	-7.2391886711120605	-9.026347577571869	-7.6393738985061646	-1.9410787224769592	-4.9851109981536865	-3.9698607325553894	-.08072888851165771	-4.158996403217316	-3.2400169372558594	-.6821689009666443	-2.7828069925308228	-1.5577269196510315	-5.793274164199829	-5.2995635867118835	-1.6712063550949097	-9.157839119434357	-7.757492542266846	-8.355797231197357	-6.0650798082351685	7.521074712276459	-2.896649122238159	-1.9227082133293152	-5.880259871482849	-9.055226147174835	-5.7042131423950195	-3.5008458495140076	-4.582383751869202	-5.7012558579444885	-8.231271028518677	-3.6600953936576843	-7.890018343925476	-1.5274270176887512	-4.664651393890381	-3.4303030371665955	-.22778522968292236	-4.705675661563873	5.344949960708618	-1.441900908946991	-2.9294856786727905	-5.985086262226105	-3.3951549530029297	5.183467924594879	-5.191225647926331	-4.957516729831696	.5522286891937256	-7.807675540447235	-.7745407819747925	-4.073223412036896	-5.323946475982666	-7.191271245479584	-4.459521412849426	-4.406486093997955	.1889050006866455	8.593654930591583	-3.247937560081482	-.17123299837112427	-4.05112361907959	-3.445633828639984	-6.3163639307022095
3.9405057430267334	.3361251950263977	-1.287324070930481	-1.6884642243385315	-3.891590118408203	-6.734383523464203	.2253791093826294	-2.1104400753974915	2.708099603652954	-6.904036223888397	.6695626974105835	-4.541472017765045	1.7175646126270294	-3.940037429332733	-6.1983524560928345	1.2523733973503113	-3.72723650932312	-1.8754166960716248	-7.640633463859558	-7.6158958077430725	.1837329864501953	-8.127457797527313	5.052282214164734	6.201828181743622	.15235400199890137	.8162294030189514	-6.2471078634262085	-.5511074662208557	-.24721574783325195	-.8083321452140808	.6706079244613647	-8.353035271167755	-1.5804669857025146	-3.11961168050766	-2.5388697385787964	.14290755987167358	-2.8181638717651367	-1.4186956286430359	-.4141761064529419	10.40565413236618	.6480309963226318	-8.767412602901459	-.07890737056732178	-8.426917135715485	6.239931583404541	-1.3164584040641785	-6.382245659828186	3.2488924860954285	-6.322796583175659	-2.383521020412445	-6.789584040641785	-1.4505229592323303	-5.288261413574219	7.7185943722724915	-3.0231515169143677	9.400800883769989	-1.8879692554473877	-3.896159589290619	-2.452638030052185	-6.9147263169288635	.897550106048584	9.984802544116974	-5.235819458961487	-4.961374580860138	-3.1768815517425537	-5.40542596578598	1.790817379951477	-4.103218615055084	-.8867158889770508	-3.641369044780731	-2.5285502672195435	-7.207262814044952	-2.5533030033111572	-1.683292806148529	-1.0597060918807983	-7.096566259860992	-8.809516429901123	-3.205330550670624	-5.519019722938538	-4.753367722034454	-4.115378141403198	1.3263922333717346	-7.364071726799011	9.727789342403412	-3.023683547973633	-3.174367129802704	-6.434278607368469	.4369317889213562	-4.195626497268677	3.007906496524811	-6.341517806053162	-.8044682145118713	-6.16642427444458	-7.937638938426971	-3.6107527017593384	-5.646618187427521	8.139057397842407	-7.4263476729393005	-.5706576108932495	.835469663143158
-2.6861013770103455	10.25338327884674	-3.2477076649665833	.8375413417816162	6.03512841463089	-4.368986248970032	-8.224968016147614	-7.793720245361328	-7.372677743434906	-3.697708010673523	-.688747227191925	-7.249498128890991	-3.940037429332733	.9921952784061432	-4.530399858951569	3.5411489009857178	-4.659343421459198	.399664044380188	-.31403523683547974	-6.1900811195373535	-5.23743337392807	-8.142339825630188	-6.144602835178375	.4927093982696533	.4740617871284485	10.09097445011139	-1.9464800953865051	.4109926223754883	-6.997575223445892	-1.8362451791763306	.19286960363388062	.6645610332489014	6.2352898716926575	-7.714342951774597	-4.867728054523468	-6.321597576141357	-6.844982087612152	.9837197065353394	9.036216676235199	-2.500425100326538	-2.176928699016571	-7.475760817527771	-7.015767395496368	-8.65591812133789	-5.385610997676849	-.4153553247451782	-2.16973739862442	-7.606252908706665	-2.298238456249237	-4.824626803398132	-.6879613995552063	8.843089580535889	.7902060151100159	-7.188255429267883	-3.589543402194977	5.1961987018585205	-7.898658931255341	-9.064163565635681	9.958951652050018	-1.1863908767700195	-4.392238080501556	-4.411640763282776	-4.497127115726471	-7.2908241748809814	-.4825846552848816	-1.6694687604904175	-.5911415219306946	-7.403050899505615	9.007974684238434	-.584046483039856	-8.775789320468903	-1.811950445175171	-6.78878515958786	-6.787515044212341	-3.713729202747345	-3.2624568939208984	-1.5526127219200134	-5.1258827447891235	-1.4182057976722717	-5.158684015274048	-5.290404975414276	10.262849926948547	-.14367467164993286	-2.517050266265869	-.6018323302268982	-1.8794347047805786	10.973572671413422	-8.669403791427612	-6.69496363401413	-.5090965032577515	-3.4752162098884583	-1.7161474227905273	-5.1518911719322205	-4.608862519264221	-4.3118796944618225	-5.729363679885864	-4.444355666637421	.7340480089187622	9.338032901287079	-.705939769744873
2.3987804651260376	-.33634501695632935	-8.019078493118286	1.3313682675361633	-1.0954324007034302	1.8245992064476013	1.621027946472168	-.01372617483139038	-.6513289213180542	-5.969374477863312	-7.290600538253784	-5.997576415538788	-6.1983524560928345	-4.530399858951569	1.8246648609638214	-5.280462443828583	-1.1536937952041626	-8.378860294818878	-1.315927267074585	-5.165691792964935	8.854268193244934	-.8999367356300354	-.6638364791870117	-4.46087521314621	-1.7756749391555786	-8.03607589006424	-4.820701837539673	-8.414853036403656	-1.7740529775619507	-5.6684423089027405	-7.006799221038818	-5.748145282268524	-.26104414463043213	-.28269273042678833	-7.246115446090698	-3.606076657772064	-1.012100100517273	.20289891958236694	-8.006973266601562	-7.261901557445526	-.47357094287872314	-6.140683472156525	-.5926563739776611	-4.56992906332016	1.4716697931289673	-.5813232064247131	-.28203439712524414	.8313520550727844	.9886001348495483	-7.8038957715034485	-1.2201879024505615	2.566148340702057	10.02442467212677	-5.738393843173981	-8.059033393859863	-3.1817633509635925	-8.707050442695618	-1.1380522847175598	2.6520516872406006	-1.1221608519554138	-.49104249477386475	-6.907473146915436	5.32560396194458	-4.061501681804657	-.1274172067642212	-4.180750668048859	1.4454491138458252	4.143951952457428	.803686261177063	.8504037261009216	-8.073923110961914	-.11499184370040894	.9262303113937378	-7.641463577747345	-.2779839038848877	-6.653579652309418	-7.697346091270447	1.5523266196250916	-7.312790393829346	.3037622570991516	-3.0817524194717407	-3.401538670063019	-7.315610647201538	-8.829697072505951	.41552841663360596	-5.206489622592926	-3.055548667907715	-5.706118285655975	-1.9213849306106567	-8.01419860124588	-7.324169397354126	-.49621671438217163	-.9323972463607788	.2472948431968689	-2.0761237144470215	-3.09238737821579	-8.09706175327301	1.795458972454071	-1.3197734355926514	-3.06182998418808
-4.440445005893707	.9750452041625977	2.2284212708473206	-2.90446937084198	-3.988448917865753	-8.332192182540894	-3.301550567150116	.0030034780502319336	-3.8420634865760803	-3.6424736976623535	-2.5195183157920837	-5.902626395225525	1.2523733973503113	3.5411489009857178	-5.280462443828583	1.4468020498752594	-1.7662044167518616	3.0091707706451416	.06855612993240356	1.171603798866272	1.76821631193161	-6.692234039306641	-2.957484185695648	.05009591579437256	-1.9710102677345276	6.53524374961853	-6.256347835063934	6.110613942146301	-8.120663940906525	-3.3458104133605957	-6.954560697078705	-7.023612141609192	-7.207172930240631	2.0226967334747314	-3.9823595881462097	-9.154157042503357	.5877611041069031	-5.433758735656738	-3.714317262172699	-3.210525155067444	-2.588461935520172	-2.800442934036255	-6.359967410564423	.29672443866729736	-3.0249655842781067	-1.5014891624450684	-1.1044296622276306	.0728529691696167	4.036978185176849	-1.3780229091644287	-.999034583568573	-2.914183020591736	4.138323962688446	-.5162868499755859	-4.6019486784935	-.13685667514801025	8.586627900600433	-.82576584815979	-7.368799388408661	-8.961195826530457	-4.309577286243439	-5.367311954498291	1.2066999077796936	.1500920057296753	-.7564073204994202	-.43126940727233887	-6.297875106334686	10.684494614601135	1.259748637676239	-2.3655996322631836	-2.8742846846580505	-8.623429894447327	8.956602990627289	-2.154006242752075	-4.474250018596649	-.24517810344696045	-2.0096552968025208	1.2559399604797363	-7.150078237056732	-6.061426281929016	-1.0599856972694397	.874675989151001	-7.94528740644455	1.6848446130752563	-8.958121120929718	-6.157478332519531	-3.5352315306663513	-6.314776062965393	-1.8261929154396057	.8515546321868896	-5.6177255511283875	-2.8872536420822144	-6.910355865955353	-6.182514667510986	-.05367034673690796	-5.5812331438064575	-7.096413195133209	-.19846796989440918	.24232226610183716	-6.620164275169373
-.0562891960144043	-.5568031668663025	-4.166679739952087	-7.965036690235138	-8.970309495925903	-1.5160905718803406	-5.6954346895217896	-2.7680397629737854	-5.606474876403809	6.343813002109528	-.09019458293914795	.6731969714164734	-3.72723650932312	-4.659343421459198	-1.1536937952041626	-1.7662044167518616	.8873181641101837	-7.129566848278046	-4.849453568458557	6.568545043468475	-2.503183126449585	-5.248444497585297	-6.127256274223328	-5.439307749271393	-3.6769113540649414	-1.4992305636405945	.2554672956466675	-5.603269398212433	-7.511310815811157	-2.036527097225189	-8.257496237754822	1.4577025771141052	-3.0874972343444824	-4.869428336620331	-2.2760711908340454	-8.550154030323029	4.608140230178833	-.6896457076072693	-6.104517817497253	.7014688849449158	-3.331686019897461	-5.449632823467255	-4.132057309150696	-8.290175259113312	-.5007870197296143	-5.690710484981537	-5.973496794700623	-.06201273202896118	-5.695122241973877	-2.621191680431366	-1.3598543405532837	-3.1382744908332825	-3.178424596786499	-1.944506585597992	-1.7789839506149292	5.266378819942474	-7.6978254318237305	.5626724362373352	-1.866200566291809	-4.206268131732941	-3.2494795322418213	-8.277694165706635	-6.544905066490173	-.2611103653907776	-4.5941901206970215	-1.1231381297111511	-4.917209267616272	-3.9028475880622864	5.476966142654419	-6.938808381557465	2.095439076423645	-7.139109194278717	3.12701416015625	-5.575596034526825	-5.638368725776672	.5664207339286804	-3.2925446033477783	-1.0982593894004822	-4.600627303123474	-5.909121572971344	-6.757357120513916	-1.8635489344596863	-8.51454222202301	-8.30090457201004	-7.835843801498413	-8.348332345485687	-6.985154986381531	-1.6595264077186584	-8.70482349395752	6.272280514240265	-.8899680376052856	-.8041399121284485	-8.915138483047485	-6.20318740606308	-1.519569754600525	-1.5255776047706604	10.09272050857544	-5.080705344676971	-3.4682594537734985	-.5394766926765442
.18776923418045044	-7.200886368751526	-6.424671709537506	-5.160467624664307	-1.6107916235923767	-4.946043372154236	-2.609283745288849	9.548801183700562	-7.628842532634735	-.8063660860061646	-3.522235929965973	-8.788736343383789	-1.8754166960716248	.399664044380188	-8.378860294818878	3.0091707706451416	-7.129566848278046	1.0926872789859772	-.6336742043495178	-6.0765039920806885	-3.313229262828827	-5.118720889091492	-1.5889824032783508	-5.407736301422119	1.2224999070167542	-2.846939206123352	10.948755204677582	-3.4883391857147217	-1.8902351260185242	-3.4627422094345093	5.90770024061203	-2.827895164489746	-3.998175084590912	-6.615849137306213	-3.337696611881256	-3.1107914447784424	.14666587114334106	-2.1385964155197144	-4.607320606708527	-.8993449211120605	-5.628624856472015	-2.624062657356262	-3.3060179352760315	-4.086927175521851	.3165166974067688	-8.754193663597107	-7.564220726490021	-5.1010894775390625	-3.0794939398765564	-3.3779274225234985	-3.1285720467567444	-7.856687784194946	.15398532152175903	-1.339319109916687	4.997449100017548	-2.459007740020752	-1.995801866054535	-5.055666089057922	-8.837097227573395	-8.65688967704773	-8.290635287761688	-1.8456329107284546	-8.071236908435822	-3.045853614807129	-5.756943166255951	3.9926236867904663	-7.822706758975983	-2.0212242603302	-6.951427161693573	-5.64667022228241	7.471420466899872	-.48125600814819336	7.023312628269196	-7.2550307512283325	-3.335888922214508	-8.280257940292358	-.24684733152389526	.9621587991714478	-5.242254555225372	1.5682811737060547	-4.0031790137290955	-.9924770593643188	-7.986506998538971	-8.061432123184204	-4.579727828502655	-2.7364310026168823	-4.689312756061554	-5.110620975494385	-1.418937623500824	-4.085437893867493	-7.243799269199371	-4.789063215255737	1.1627243161201477	-7.3815997838974	-5.456179916858673	-.7782163619995117	-.54085773229599	-3.571510910987854	.06362098455429077	4.815657377243042
-8.709714531898499	-1.830963671207428	-4.287600040435791	-7.7289013266563416	-1.0531858205795288	-6.260214149951935	.5837533473968506	8.907037556171417	-.27438080310821533	-2.5444069504737854	-4.259347915649414	-1.0202178359031677	-7.640633463859558	-.31403523683547974	-1.315927267074585	.06855612993240356	-4.849453568458557	-.6336742043495178	1.5227577984333038	-4.963707149028778	-7.727900147438049	-1.0788496136665344	-7.849985837936401	-.684137761592865	-1.3474215269088745	-7.226905882358551	-6.928802490234375	-8.599983870983124	-1.032155156135559	-8.321873009204865	-1.085191011428833	-.6348904967308044	-.980404257774353	-2.802532732486725	-4.171263217926025	-4.637307345867157	-7.545745491981506	-8.040283977985382	.01653313636779785	-4.083613812923431	2.747346043586731	-2.917267858982086	-8.653210639953613	-2.5312439799308777	-7.562128186225891	-3.154492676258087	-1.7874891757965088	-6.821811616420746	-7.387315154075623	-5.389958918094635	-7.359508037567139	-4.034235179424286	-7.359135270118713	-7.00678426027298	-1.349308729171753	-6.187862813472748	-4.841907382011414	8.288671433925629	-9.134393692016602	-3.6955973505973816	-2.698973774909973	-6.86131888628006	-2.6303513050079346	-2.5670213103294373	-.8083251714706421	4.456025540828705	-4.181480884552002	-7.361521899700165	6.67177426815033	-3.4041317105293274	-4.201417684555054	10.108583986759186	-1.712838053703308	-3.2223692536354065	1.4362421035766602	-5.6750752329826355	-1.4778481721878052	-8.243132889270782	-5.74268364906311	-2.1400508284568787	-5.716090559959412	-2.2528606057167053	-7.703588008880615	.4238012433052063	-1.3631731271743774	-7.408107578754425	1.4563000202178955	-7.838804662227631	-3.2131022214889526	-4.813671171665192	.11729049682617188	-2.8017088770866394	.3160923719406128	-6.850715935230255	-.003392457962036133	-7.56043142080307	2.666732430458069	-3.2548986077308655	-6.7422356605529785	-2.3852970004081726
-5.213087379932404	-5.578618288040161	-.24263876676559448	-6.809855580329895	11.082643449306488	-6.09091854095459	-2.4279603362083435	-2.3697136640548706	.3045751452445984	.4009392261505127	7.201041519641876	-6.533323884010315	-7.6158958077430725	-6.1900811195373535	-5.165691792964935	1.171603798866272	6.568545043468475	-6.0765039920806885	-4.963707149028778	1.866115003824234	-6.568348467350006	-7.095353841781616	-6.304997146129608	-4.154560446739197	-4.646488010883331	-5.451051712036133	-1.6295413374900818	-7.080782532691956	6.229691445827484	.4846208095550537	-7.32462614774704	-2.7002838850021362	-3.76311331987381	-8.352118015289307	7.132636606693268	.5134857892990112	-6.603478968143463	.04233288764953613	-7.679200828075409	-1.5408529043197632	-4.440880596637726	-3.839167594909668	-7.51654714345932	-3.0457340478897095	-.3613167405128479	-6.342627763748169	10.388603031635284	-1.4677714109420776	1.0970656275749207	-4.731048107147217	2.4380441308021545	-4.510883450508118	-6.32165390253067	-7.0125463008880615	-2.9732653498649597	-4.81941831111908	-5.60679417848587	-7.518482208251953	-6.847827851772308	-3.4312788248062134	-5.24669748544693	-4.231582880020142	-6.726231753826141	3.018952488899231	-.7443545460700989	-.864067554473877	-.5777763724327087	-.6531115770339966	-1.8830295205116272	-3.685772657394409	-4.4410969614982605	-6.884787917137146	-5.741885006427765	-6.102276802062988	.18521028757095337	8.180551886558533	-3.461607038974762	-1.9830257892608643	-.7980367541313171	-3.5096434354782104	-3.7600300908088684	-5.739457607269287	-4.981231153011322	-2.8702298402786255	.8022379279136658	-.15312743186950684	-2.0866019129753113	-.3814929723739624	-.19380933046340942	-6.953832626342773	10.641161024570465	-2.542273163795471	-.791201651096344	.8522622585296631	-.7057182192802429	-3.073090434074402	-3.172617256641388	-7.095499515533447	.4112735390663147	-2.8692694902420044
-.29273486137390137	-7.579518973827362	-1.0261646509170532	-6.698300898075104	-.2960038185119629	-5.857760846614838	4.835751175880432	-5.201178848743439	1.0941827297210693	.05855447053909302	7.147457957267761	-4.718239843845367	.1837329864501953	-5.23743337392807	8.854268193244934	1.76821631193161	-2.503183126449585	-3.313229262828827	-7.727900147438049	-6.568348467350006	1.2096672356128693	-4.284111678600311	-4.782540917396545	-8.416816055774689	.6671860218048096	4.611815512180328	1.1322718858718872	-5.234601557254791	-7.476676940917969	-4.321248233318329	7.1831358671188354	.8097535967826843	-.33840107917785645	-7.608022153377533	-5.130498290061951	-6.843137800693512	-4.5450005531311035	-1.955842673778534	-5.503515839576721	-1.6305926442146301	-8.14438796043396	-6.832788407802582	-1.215762972831726	1.6790174841880798	-1.3709993362426758	.2041948437690735	-2.2726718187332153	-6.216858685016632	-7.161419153213501	-.5688309073448181	-6.295885443687439	-6.108077108860016	-1.4200053215026855	9.129079163074493	-.16388285160064697	-4.9749234318733215	-8.03451418876648	.005627691745758057	-1.4026039838790894	.5587620139122009	2.358274459838867	7.867150127887726	-5.326074719429016	-2.9775407910346985	.8569324016571045	-8.459510266780853	11.072968125343323	1.1458434462547302	-6.970242023468018	-3.9551274180412292	-8.517548203468323	-8.844339668750763	-4.100848913192749	8.013782560825348	-7.119657397270203	.322600781917572	-8.82401180267334	-7.633163630962372	-1.605979084968567	-1.241823971271515	-8.25600266456604	-7.768341481685638	-3.5903438329696655	2.4615926146507263	5.3941330909729	-8.884243667125702	-8.068418145179749	-3.3833726048469543	10.808951616287231	-7.671605050563812	-8.808329463005066	-.8614974617958069	-8.203014373779297	-3.3475276827812195	-7.491291165351868	-.5292394757270813	-7.222880601882935	-3.7336058020591736	-6.602227568626404	-1.3678608536720276
