1.4806	-3.6562	-4.1795	-0.56128	-4.8026	-2.5252	3.2592	3.0565	-1.3595	-8.0734	5.1385	-5.557	9.0699	-3.7944	-0.38048	-0.10734	-7.5065	3.8712	-3.3102	-4.3566	-6.3015	-7.3086	2.9441	-8.2172	5.7827	10.3	-2.1339	8.6543	-6.8143	-1.6488	-4.391	6.7632	6.2201	-4.8218	4.2777	-8.8165	-1.8972	-2.0525	4.709	-2.5364	8.4863	8.316	-5.2463	1.0329	-3.5101	-5.4131	-6.9426	11.108	0.23081	-7.6335	5.342	-2.9021	-3.1443	3.7196	-2.8134	0.51288	-5.9283	7.8267	4.3092	-5.6321	7.1777	-1.8605	0.3475	-5.9097	-0.40413	-2.9625	-3.8594	-5.0742	-3.0976	2.9843	-2.4902	3.8448	0.35904	0.18346	-8.4597	1.9484	-8.0554	0.73536	-8.638	8.375	-7.1144	-8.7071	4.4312	-3.2938	-6.3118	-2.782	0.31142	-0.12671	-8.3313	-0.76214	-5.0451	-6.4366	-3.0143	4.6011	-3.5161	5.1259	-3.8296	-3.2658	-2.5283	-6.0218
-3.6562	1.8145	-5.3246	-1.5898	-4.7639	9.3971	-2.5067	-5.4554	0.64773	-7.4944	0.00070012	-0.014189	9.3103	7.3702	-3.8598	5.5595	0.51298	-0.41884	6.6805	-2.9651	7.3242	-6.0619	-6.0024	-0.96919	6.1231	0.10554	-1.6437	11.422	-0.36965	-3.2303	9.6914	-0.75539	1.4399	-5.7054	-3.1114	7.1044	-6.95	-3.1221	-3.4337	-4.9192	-2.6058	-1.7922	-2.6436	-1.8655	1.8731	-6.3811	-6.3142	0.013079	-2.1147	0.74855	-7.9424	9.6576	0.85861	-1.307	3.8321	-6.8912	-8.2186	-1.3361	5.5087	2.913	-5.766	1.1442	-3.4937	-0.97102	-5.0806	0.54471	8.4451	-3.7663	7.6954	-7.6399	-7.0721	-3.9714	7.105	-7.1745	-2.179	-0.95363	-6.5919	1.0722	-7.9644	8.9564	1.1126	5.7846	-6.1909	-1.1284	-0.99422	-0.64427	-1.5135	6.2546	-2.3146	-5.4559	-7.1989	-3.6764	-4.409	-4.3705	0.65658	10.959	-7.4648	-1.9302	-4.5926	-0.8895
-4.1795	-5.3246	1.6491	-8.0047	1.167	0.10533	-6.1851	-7.024	2.8672	-3.4645	-2.615	-1.6413	-5.2701	5.7934	-1.5871	5.2972	-0.75249	8.5477	-0.37962	-6.6111	0.19152	2.1759	-7.1634	-1.4193	2.1441	6.4209	-4.7205	9.5752	-6.4707	7.5468	1.337	-2.2625	-8.856	0.99579	-8.1521	-8.4993	-2.8105	-6.4562	-7.1164	-7.7274	-7.1972	-1.043	10.029	-6.158	1.0873	0.14825	-7.8348	-3.7154	-3.3551	-0.16709	7.7471	-7.6304	-4.3936	-0.31457	-2.4113	-0.53413	-2.8366	0.9955	-4.8576	-1.0521	0.59932	-8.1757	-5.7196	7.1026	5.8204	-8.3394	-1.4241	-7.4651	-2.6126	-1.4226	-0.91526	8.0745	-1.9536	-1.1122	0.62645	-6.8178	-6.2394	-0.69858	6.5654	-2.1445	-7.759	-6.4195	-2.908	9.0354	-7.0222	-3.3036	-2.9956	-4.4873	-5.2279	1.4856	-0.010763	-8.6662	-8.2335	-0.19371	-5.597	-5.2926	-3.0232	-7.8059	5.5534	8.4103
-0.56128	-1.5898	-8.0047	1.6351	-5.5934	0.80764	-4.4995	-2.9049	1.6121	-6.8467	-6.01	-8.7552	-2.8167	-1.5951	-3.1095	-4.2214	1.1125	4.731	-5.5764	-2.2064	-5.3287	-2.9909	5.9187	10.737	-0.058216	-7.5179	6.0935	0.811	-7.1521	-5.0858	6.836	-3.119	-2.3132	-2.7526	-3.5149	-5.12	-5.8404	-6.2422	-1.3878	-6.2841	0.90316	-4.2884	6.3024	-5.3227	-1.4788	3.5215	-4.0643	-4.6598	-0.88463	-2.5971	3.4683	-4.0264	-3.6834	-3.4697	-2.7862	-8.5537	6.8166	9.6934	-1.8756	0.6329	7.3984	2.4533	-2.4276	7.3202	-4.5314	-8.201	-3.3689	7.6134	-6.9121	-6.6968	-6.1437	-8.158	0.5023	0.77913	-8.4326	-3.0332	11.175	-1.5636	0.62888	0.48526	0.31692	-2.4628	-1.2688	-3.1615	4.9185	0.553	-1.8275	-7.6827	-8.7193	7.8203	0.13918	8.468	11.046	-1.3029	10.488	-9.0007	-5.2695	-8.7808	-7.9734	0.1881
-4.8026	-4.7639	1.167	-5.5934	1.1301	-6.2055	-5.721	-5.7198	-2.3163	-6.5808	-5.467	4.4797	2.6476	9.4092	-1.3465	-4.3289	-3.3641	-0.14494	-0.090898	-3.8765	-4.7829	2.0562	-6.8241	-7.0442	7.2704	-1.8227	1.2187	-1.4574	-1.9836	9.4045	-3.5277	0.42061	3.5492	-1.3983	0.3223	-4.3051	-2.1333	2.4667	-8.1128	-3.0547	-3.5972	-2.8123	-7.7011	1.6323	9.058	0.59935	-1.5158	-3.9965	9.7309	-7.1611	9.4463	-8.4999	-3.6508	-4.4974	-0.95439	-3.3373	2.4014	-7.6979	-3.7188	-3.4623	-6.0323	-3.7796	-6.9277	-6.4161	10.251	4.1682	3.539	-4.9219	-2.3902	-5.8596	1.784	5.022	-6.9137	-5.1281	-1.8264	-3.452	-0.55931	7.9941	-5.8808	-4.1743	3.6808	-5.3087	0.35805	-1.532	-2.906	-0.14332	-5.2649	-5.5626	2.778	-1.2514	-3.5161	-8.5477	-8.3276	-1.8529	2.0077	3.8932	-3.9103	-3.9903	-2.8386	-6.7911
-2.5252	9.3971	0.10533	0.80764	-6.2055	1.5351	-8.2781	-5.6835	-2.7857	5.4167	10.796	-6.7702	-2.7787	-5.707	-0.88752	-2.7781	10.613	11.321	-5.8412	0.030806	-0.32294	1.77	10.03	-0.75606	5.0108	0.77239	-6.2909	-7.2953	-1.4461	-2.5166	-3.1499	-1.5814	8.1191	-2.2642	-4.9427	-1.0405	-5.5768	-3.804	-3.3322	-2.6241	-5.3813	-7.979	-2.9677	-3.403	-4.6751	1.0141	-7.7035	-6.6607	-7.8409	6.2814	5.6821	-5.4874	-0.23216	-2.612	10.268	9.1263	-6.6417	1.0141	-0.72667	-2.3043	-4.2705	-1.8884	-6.1654	-6.8519	-2.1966	8.5599	-7.7087	-1.7708	-7.3437	-1.6774	-2.0353	7.4094	-0.95	-0.89669	5.44	-0.71014	-3.5368	0.50237	-4.6528	10.509	-6.3775	-3.3273	-7.3576	-7.8518	-1.4661	0.47623	-5.6107	-5.3609	6.014	0.14013	4.0402	1.1686	-6.2789	0.41307	-2.7829	-3.414	-4.3135	-7.7786	-6.0065	-2.1911
3.2592	-2.5067	-6.1851	-4.4995	-5.721	-8.2781	0.49387	3.8085	-5.4667	8.3757	0.19745	-7.0269	-7.3868	-9.5634	-3.7513	-5.1005	-2.4381	2.9029	-5.7285	-0.65851	-2.9429	-9.1914	7.5013	-2.5979	4.5872	-3.4472	-0.43769	-2.0598	2.4826	-5.9442	-3.7515	-2.5228	6.4463	-8.5839	-5.1948	-5.3977	-7.414	3.0658	-7.2899	-4.1203	0.94472	5.4274	-8.0456	-4.7456	8.5324	-0.93004	-7.1756	-2.0416	-1.1431	-0.63488	10.183	-3.0828	-8.0444	-4.3564	-3.7512	-5.3443	-4.0739	-8.1487	0.88151	-7.2952	3.9581	-6.2944	-0.64082	-7.4925	4.8642	-6.6484	1.6614	-7.1748	-2.8888	-3.4814	10.25	-8.3562	-7.6483	2.1759	-3.6485	8.5803	10.455	4.6892	-5.2644	-1.2117	-1.9618	0.47721	-8.0005	-0.63458	-1.5019	-7.8325	-5.6526	4.2584	-0.45814	-4.7472	-8.1279	-2.33	-0.78169	-0.75259	-5.6635	2.9651	-0.5505	-2.6566	-6.5454	-6.9231
3.0565	-5.4554	-7.024	-2.9049	-5.7198	-5.6835	3.8085	0.91537	7.9981	-0.75298	-7.2981	-2.2612	-8.135	-4.6214	-0.86503	-1.7083	-6.7255	-6.8636	7.4321	-6.9505	0.84193	-9.0083	-3.2336	-8.4471	-1.0069	-5.2188	-3.3006	11.098	10.996	-8.1372	-1.0373	6.6445	-6.5093	-6.2277	-3.2609	5.2183	3.5229	-1.6205	-6.5564	-8.1786	-7.927	-4.4557	-2.9947	-1.1639	-2.9116	9.2732	-6.3523	-0.067828	-6.9856	-1.6246	-5.8291	-3.5276	0.8259	-4.3808	-3.2679	-0.58071	-0.44191	-1.6122	7.1275	-1.2587	-6.6619	-4.1637	-3.4271	4.3189	-8.0841	-6.4527	-9.0146	-6.6491	-5.3039	10.687	-1.2354	-7.7392	4.2686	-0.33666	-2.9262	-0.89714	1.4401	-1.7213	-3.3791	-2.5314	3.7655	-3.6106	-0.059599	-7.1072	-4.4211	0.06054	-0.82605	-2.2402	-4.4751	-1.7776	10.352	-5.2901	-7.41	-6.1731	-0.82529	-4.4545	-0.36641	-6.4966	-6.7063	-8.3628
-1.3595	0.64773	2.8672	1.6121	-2.3163	-2.7857	-5.4667	7.9981	0.4002	-4.8712	-0.47543	-8.2201	-9.3979	-2.6963	-1.5092	-2.1451	-6.6893	-0.34783	-2.151	2.4243	-3.2403	0.25495	-7.9936	0.88824	-3.1407	-2.942	8.2592	-1.0975	0.86176	-7.9714	8.5733	-7.7148	1.8921	3.812	-1.1342	-8.5774	-4.0203	9.8873	-2.2138	-2.8243	-4.4104	2.2238	-9.0023	10.286	-7.3465	9.4374	-5.0415	5.2833	8.1012	-2.5532	-6.7972	6.889	-8.108	-1.3707	-0.87755	1.9254	-5.4547	-7.5221	-3.7522	-1.2798	-5.8274	-7.2432	6.0291	-1.9868	7.0085	-7.8419	-2.8821	0.36267	1.4418	-0.54233	-6.852	8.0515	-8.4533	-0.82816	-0.98278	-2.5067	-7.8855	3.7133	-4.3321	-6.8611	7.1843	0.047501	-1.6313	-6.1174	0.074528	-6.1511	-5.5042	7.968	-9.0857	-3.8429	-2.1861	6.3947	-7.3256	4.5334	4.2577	-8.1754	4.6987	-7.2834	-5.7868	-1.0122
-8.0734	-7.4944	-3.4645	-6.8467	-6.5808	5.4167	8.3757	-0.75298	-4.8712	0.88262	-5.4593	-6.7862	-7.6013	-8.0642	-7.2791	-6.9721	-1.0718	-1.0219	-5.704	-4.5278	-3.8458	-2.7615	-3.6704	2.353	0.14318	-1.4308	-6.226	0.73249	-6.6965	-6.156	-8.7487	2.8348	8.9165	-4.3859	2.335	10.453	8.1678	0.26496	-1.6693	10.853	-6.3213	-6.3278	2.558	-3.8158	-7.4628	-6.6421	-5.8688	-2.6187	5.8294	9.1469	-5.759	10.573	-1.3295	-7.6769	-1.0648	8.9871	-8.2634	-3.7147	-0.59955	-7.642	8.2953	-6.2957	-0.25656	-2.1684	-5.2627	-8.8218	-3.7282	7.3724	-5.3923	-3.6107	-4.7242	-0.33051	2.1371	7.7601	9.3092	-7.4571	-2.7271	-3.3904	-8.0292	6.8495	4.2105	-6.1906	-3.8146	-7.11	-8.5754	3.9403	1.9855	-4.6859	-0.79941	-8.0518	0.79204	-3.4721	5.6654	-5.6995	1.196	-4.4007	10.319	-1.3578	1.2395	-1.3353
5.1385	0.00070012	-2.615	-6.01	-5.467	10.796	0.19745	-7.2981	-0.47543	-5.4593	0.077036	-4.6459	-4.3427	-2.2703	-3.8645	-7.9744	-2.3017	-0.19803	-2.6971	-9.3392	7.0545	0.58992	-2.8509	-1.2309	-2.6295	-3.6011	-3.0456	-3.3842	-3.8673	10.056	5.1691	-2.8718	9.2006	-6.4353	6.6947	0.30208	-2.162	10.265	-8.3349	-0.89224	2.2442	10.484	-0.27204	-1.1036	-5.4145	3.6983	-6.1743	-8.6936	-1.4741	-0.81469	-3.523	10.669	-0.74104	-4.8181	-7.442	-4.0835	5.0387	-0.4596	9.5834	9.9851	-5.789	-3.1156	-4.512	-9.2758	-4.2554	-6.7348	-2.0924	8.3016	-6.7372	-6.6817	1.9605	-2.8906	-1.4257	-0.080672	-3.4714	-1.8293	-3.2954	6.3403	-0.96113	-6.9543	-5.5729	-7.094	3.7443	0.23794	10.295	1.1504	-0.49458	0.10053	2.1713	10.472	4.0713	-1.7575	3.2615	9.2927	9.8611	-5.565	5.6437	-5.2907	-3.755	-6.9826
-5.557	-0.014189	-1.6413	-8.7552	4.4797	-6.7702	-7.0269	-2.2612	-8.2201	-6.7862	-4.6459	0.32947	-7.9686	-5.0351	-0.015164	0.3029	0.35602	-4.1158	-6.2262	8.1074	-2.7347	-8.9925	-2.8015	-6.9392	0.77889	-3.985	-4.0857	4.8034	-7.2418	-6.8913	-7.2535	-4.3625	-6.5622	3.6679	-3.0283	-5.0662	-1.5436	0.4063	-6.9013	5.0377	-7.6115	-6.9725	-4.8498	0.67534	-8.225	10.382	-9.5564	-7.1399	-5.3448	-8.878	5.8726	5.2986	0.59766	-7.1398	0.68837	-3.7029	2.2313	-7.1765	6.7806	-1.8322	-7.723	-4.9894	6.459	8.1348	-5.9214	-5.1521	-8.2656	-4.2591	-4.3657	6.3457	2.1001	-5.2468	3.1277	-8.2453	-9.1868	5.5698	5.9595	3.7219	9.6754	-0.87422	-4.7218	-8.0528	-2.6852	-6.7002	4.0116	-2.6606	-3.0331	-2.18	-5.6019	8.6726	-9.2442	-2.3297	-5.9821	3.7422	-4.5244	-8.003	9.3243	-0.97847	-5.1284	-5.4856
9.0699	9.3103	-5.2701	-2.8167	2.6476	-2.7787	-7.3868	-8.135	-9.3979	-7.6013	-4.3427	-7.9686	0.15832	-2.7295	-7.4863	-0.46165	-9.4025	0.66341	8.1299	-2.6529	-7.1686	-0.91689	0.66953	2.4634	4.8557	-2.4932	-6.7903	5.0744	-2.7964	-0.067023	-1.5023	0.52935	-8.7184	-7.9618	-1.7681	-6.2541	-3.5998	3.3327	1.843	-4.8838	-6.6942	-7.1827	-9.2245	-0.086693	7.2113	1.1388	-7.7313	2.1975	-2.6722	1.2473	5.6384	-8.7778	6.8956	-2.4485	-4.9427	3.3406	-5.2843	-3.4246	-0.16284	-8.5882	-7.8193	-5.8854	-7.7904	-4.2932	-6.1935	-0.10766	-3.3928	-8.6849	-8.737	4.7159	-2.5547	0.050804	-3.0942	0.13272	-4.5974	-7.1411	-1.1927	-9.4132	2.203	-6.2787	-0.712	0.074852	-1.1037	-3.9364	4.9476	-3.6975	-6.3602	7.6608	-5.8037	7.3408	-4.0203	4.0436	-6.7137	2.782	-7.3682	-2.5948	-0.15736	-6.6036	-0.23666	-2.9931
-3.7944	7.3702	5.7934	-1.5951	9.4092	-5.707	-9.5634	-4.6214	-2.6963	-8.0642	-2.2703	-5.0351	-2.7295	0.31137	-4.7501	3.8155	2.9516	-3.2608	-3.5493	-2.6972	8.1358	7.9493	-6.0452	-8.9678	-2.5879	10.145	-8.067	-7.4653	4.9076	-2.832	-0.77352	-0.49684	0.62231	-0.46086	-1.3728	-5.801	7.4608	-3.3876	-4.3402	-0.64177	-5.2371	-7.768	2.8624	-2.4024	-8.6645	-3.1111	-6.4318	-4.6789	4.9833	-1.6234	-1.8136	-0.87409	-7.4595	-9.0523	6.9839	7.709	-8.5983	-4.03	0.36588	-8.7268	-3.4466	-0.91725	-3.3422	-7.5667	-8.895	-5.147	-8.6139	3.6225	0.32036	-6.0682	-4.9402	-1.0013	-4.8512	-7.2897	-0.54874	-3.1495	-2.7435	-4.5238	-7.6218	-6.4961	-2.4424	1.0701	-4.0159	-0.27216	-3.7544	-2.9587	-5.4797	-4.3588	10.324	6.3045	-1.3736	-5.8813	-0.35986	8.2959	-8.8879	-0.30311	0.41141	-1.3707	-0.76171	-1.019
-0.38048	-3.8598	-1.5871	-3.1095	-1.3465	-0.88752	-3.7513	-0.86503	-1.5092	-7.2791	-3.8645	-0.015164	-7.4863	-4.7501	1.5063	-2.1929	-7.8001	-4.4964	8.8065	-3.2987	7.0433	-5.5613	-2.8743	-7.866	-1.4553	-2.5866	4.9304	-2.9733	0.59681	-2.5894	-5.4228	-8.0369	0.46539	1.5913	-0.12631	9.5951	-4.1795	-6.55	4.8601	0.54941	-1.7323	8.4719	-1.9097	-7.1667	6.3793	-3.7117	-3.5869	5.7415	5.2259	-8.6665	1.2533	-3.7382	-3.5929	-7.9993	-8.6068	0.98181	-0.41672	11.298	-6.746	-4.5052	9.5064	4.0062	-1.3234	-4.6936	-3.4483	-8.668	-5.797	-6.7596	0.74853	-1.9326	8.8579	-8.6548	-4.6881	-7.7558	10.429	-6.6997	1.6735	-2.7092	0.25054	-1.6781	8.0131	-1.3117	-8.5192	-2.4301	-0.70998	-1.8733	-3.1132	-0.94622	-5.2263	10.161	3.124	1.0387	-5.9243	-6.6312	-3.4823	-9.048	10.681	10.004	5.3444	5.7895
-0.10734	5.5595	5.2972	-4.2214	-4.3289	-2.7781	-5.1005	-1.7083	-2.1451	-6.9721	-7.9744	0.3029	-0.46165	3.8155	-2.1929	0.84543	3.4934	-1.5191	9.7706	-1.2624	-7.5198	-1.1286	2.5018	-3.598	-0.63477	-2.5677	6.1149	-8.4364	5.8537	-7.5408	-4.221	-4.8815	7.0239	-3.5748	-1.8856	10.031	-1.6418	8.1378	-0.026255	-2.7595	-0.72503	-1.6056	-7.2767	-4.9332	-3.8411	-7.8612	-3.9756	-6.8831	-8.107	9.1179	-5.8856	-1.3088	5.8895	-6.9626	-1.4119	-1.3102	5.6211	-7.7819	8.6792	9.0186	3.6525	6.7525	-0.95894	5.4955	-1.8288	-6.8394	-0.97176	-8.7431	-2.9808	-8.4533	0.47782	-1.3362	1.224	-4.7449	-6.0095	1.708	0.029719	3.0266	-6.2881	9.9184	-0.57121	-4.3452	-4.3861	4.7674	-7.8072	10.142	-4.7244	-5.4233	5.4038	-3.6431	2.1649	-2.0758	-3.5141	-1.8121	-4.5802	2.5498	-3.264	3.2022	6.1291	5.7616
-7.5065	0.51298	-0.75249	1.1125	-3.3641	10.613	-2.4381	-6.7255	-6.6893	-1.0718	-2.3017	0.35602	-9.4025	2.9516	-7.8001	3.4934	0.64298	-6.5922	-4.5638	6.8893	1.9544	-7.6395	0.11884	-5.833	-4.2615	6.0193	-2.3317	-6.5928	-8.147	-8.336	-7.1369	0.74041	-8.7643	-6.7476	-5.5673	-3.1346	7.7284	-6.4239	3.8393	-7.0443	1.6086	-0.083173	-0.44159	10.066	-7.3794	-3.797	-9.1392	3.0366	-0.49335	-6.3342	-5.9068	6.9034	0.038391	-0.0048715	-4.54	-1.1996	-7.452	-0.0036274	1.3038	-2.6321	2.9593	2.7463	-4.1123	-6.3417	-4.6805	-3.7506	0.67552	8.5423	-4.1703	-5.4058	-7.8863	-5.3848	6.3768	-2.3905	-2.0876	-1.3968	-0.43547	-6.9796	-8.1734	-4.7303	-2.7555	3.1049	-8.0626	3.8212	0.54763	8.85	8.4334	-7.1859	-2.5845	-3.3923	7.892	-6.4394	8.6315	-0.74811	9.0602	-0.96527	-8.648	5.8338	-4.8634	-5.7208
3.8712	-0.41884	8.5477	4.731	-0.14494	11.321	2.9029	-6.8636	-0.34783	-1.0219	-0.19803	-4.1158	0.66341	-3.2608	-4.4964	-1.5191	-6.5922	1.2562	-8.3222	-5.8298	-5.5986	3.7903	5.8156	-3.4341	-2.235	-4.1639	-1.4229	-7.3426	-7.8933	-1.1331	-5.7281	6.8566	-4.6049	-7.3785	-3.8391	-6.8565	-6.4964	10.673	-4.7626	10.973	-6.2593	-3.9157	-5.4917	-5.3198	-2.1179	-6.4349	-7.2244	-2.6118	-8.2987	0.12778	0.91722	-2.587	-4.9988	-5.7565	-5.3313	0.17017	-6.8549	6.499	-5.0958	-2.4188	-5.9118	-3.2479	-4.5822	8.9798	-1.0912	-1.2113	-7.7953	8.5179	-4.1605	7.4785	1.2425	-2.928	-6.2017	-1.5685	-5.2273	-5.3503	-2.5799	10.154	-3.9186	4.2954	-4.4122	0.70581	7.7811	8.4971	1.4638	1.8545	9.5916	-5.9076	0.020681	-4.2664	-7.3785	5.6745	-5.9269	5.9982	5.1492	-5.501	-2.1913	-2.5193	-5.0957	-1.1102
-3.3102	6.6805	-0.37962	-5.5764	-0.090898	-5.8412	-5.7285	7.4321	-2.151	-5.704	-2.6971	-6.2262	8.1299	-3.5493	8.8065	9.7706	-4.5638	-8.3222	1.4165	-1.4784	-0.7804	-1.0688	-8.0581	-8.6908	-2.0962	4.8638	4.0363	-7.3856	-4.8584	6.9547	2.9288	-8.0728	-9.1449	-1.229	2.5834	-4.1943	0.37046	5.2136	-7.8036	-6.2172	-2.0504	-1.8261	0.47808	-2.2278	-0.17879	-1.3106	-0.56671	-4.0253	3.7119	-2.3992	0.64326	-0.71548	8.8776	4.7073	-1.9534	-6.8047	-2.365	-0.57625	-1.7795	7.2068	2.3923	-2.0638	8.1623	-4.2693	-3.8191	-2.1414	-5.4298	5.4971	-3.3135	5.3889	-8.3749	7.4607	-0.21979	-5.035	-2.7286	-0.79283	-5.4498	1.4217	-2.0015	-1.1409	-8.1676	6.6462	-2.878	1.4825	4.2422	-6.2651	2.5648	-6.0069	-6.2944	-6.3508	1.1386	8.5624	7.4901	6.3724	-5.6751	-8.476	1.7367	0.56498	0.55651	-6.2202
-4.3566	-2.9651	-6.6111	-2.2064	-3.8765	0.030806	-0.65851	-6.9505	2.4243	-4.5278	-9.3392	8.1074	-2.6529	-2.6972	-3.2987	-1.2624	6.8893	-5.8298	-1.4784	0.19298	3.1671	-4.6393	-5.067	-2.6172	-6.6338	-0.60003	0.55401	-6.6623	-6.0452	7.996	-4.5659	-8.6764	6.1051	-4.0342	-5.2129	9.1486	-3.6068	9.4605	-0.9404	7.5957	0.33097	1.6212	-1.7884	9.8286	-4.6029	-5.2644	-4.5019	-4.7021	0.56832	0.89427	-6.2497	-3.852	-3.6495	-8.8534	8.1568	9.1225	6.3103	6.1572	6.5448	-5.0289	-5.8941	-6.6377	7.1616	-0.64437	-5.9812	-8.3742	-2.0444	0.25607	4.9845	-1.6045	-5.6426	9.8772	4.1244	-0.64039	-4.4384	-2.9455	-8.2235	-9.3973	-0.69252	-8.8392	0.026715	5.262	10.161	-1.488	2.7405	-2.3161	-2.7058	-2.7262	3.0938	10.08	-1.2304	0.86775	-0.39584	-6.3168	-2.6816	-3.1226	-0.33753	-1.5956	-7.3765	-2.5452
-6.3015	7.3242	0.19152	-5.3287	-4.7829	-0.32294	-2.9429	0.84193	-3.2403	-3.8458	7.0545	-2.7347	-7.1686	8.1358	7.0433	-7.5198	1.9544	-5.5986	-0.7804	3.1671	1.5263	1.9783	-3.5504	-8.1155	7.3315	8.5687	3.5311	-1.4441	-4.3779	1.652	8.7413	10.718	-5.0702	-5.283	-0.90905	-3.8999	4.8779	-4.9135	-0.67656	-2.0923	6.5249	-0.42621	6.1957	-5.7739	5.3966	-3.3617	-7.7404	-8.0719	11.016	-2.9575	-7.8568	3.0796	6.937	-6.9924	-4.668	-3.1537	-7.728	-1.1297	-3.55	-1.1003	-1.2734	-1.7616	-6.9585	2.3234	-8.871	-1.3522	-5.1484	-4.9806	11.462	-1.2818	1.6079	-8.3857	-7.607	-2.1903	-0.69811	5.8656	-7.6925	8.1786	-5.0303	-5.4323	-6.1617	-8.3658	-5.0261	-6.0414	-6.1024	-6.3052	-7.2159	-5.3741	-8.7918	10.244	-6.7409	-5.0871	2.3346	8.6856	-1.5728	9.825	-4.7855	-2.3965	-0.23207	-8.5637
-7.3086	-6.0619	2.1759	-2.9909	2.0562	1.77	-9.1914	-9.0083	0.25495	-2.7615	0.58992	-8.9925	-0.91689	7.9493	-5.5613	-1.1286	-7.6395	3.7903	-1.0688	-4.6393	1.9783	0.44476	0.94086	8.7394	-2.2792	-4.1905	7.8715	-4.446	4.3688	9.0873	-3.6855	-0.35865	-3.7229	-9.3865	1.2496	-2.0498	3.5376	-0.57047	-9.6112	7.904	-7.3222	9.0674	-1.5422	-3.1929	9.692	-0.29458	0.97726	-4.249	-0.42755	-1.1753	0.54393	6.0204	6.3408	0.36518	-0.38794	-9.0003	-5.4209	-4.6177	0.77453	-4.4208	6.4614	-0.79722	-5.4558	-2.9388	-7.7153	-3.9189	-1.365	-7.4335	4.5002	-3.6441	-4.2566	-9.0595	-8.7551	-3.8942	-0.1706	-4.8408	-8.6277	-0.69402	0.89809	-3.7639	2.9841	4.4845	3.2806	-0.37231	-6.5387	-1.1218	-6.5844	0.14038	6.9955	-4.9106	4.1302	-4.6637	-9.3801	-7.7584	10.422	-5.5604	7.741	-4.3638	-8.2614	-1.2571
2.9441	-6.0024	-7.1634	5.9187	-6.8241	10.03	7.5013	-3.2336	-7.9936	-3.6704	-2.8509	-2.8015	0.66953	-6.0452	-2.8743	2.5018	0.11884	5.8156	-8.0581	-5.067	-3.5504	0.94086	1.5328	0.57688	9.9692	2.6905	-0.37641	2.4462	-7.3326	0.85095	9.892	-7.2521	8.5239	-2.6354	-4.3168	3.1964	-8.2289	-0.21112	-7.4001	-6.5192	0.57723	-2.3288	0.75835	0.6711	0.077133	-5.2946	8.5699	3.1242	1.9038	9.3884	-0.97803	6.8907	-5.7807	-5.8242	-7.5406	-2.3795	3.2466	-3.8615	-3.1344	-0.030439	10.3	-5.8811	-4.3558	8.5058	-7.6823	-6.6129	6.8997	5.1156	-4.1089	2.7974	11.219	0.90999	10.798	-5.556	-2.0467	-1.3693	-4.9681	-4.1822	9.9977	-3.4433	3.336	-3.5376	2.0742	-5.0897	-2.7684	2.1303	-1.488	0.76329	2.5508	11.439	-2.4709	-8.5564	-4.5324	-2.9711	-2.9868	3.4409	-3.971	-4.7842	-3.1967	-7.1864
-8.2172	-0.96919	-1.4193	10.737	-7.0442	-0.75606	-2.5979	-8.4471	0.88824	2.353	-1.2309	-6.9392	2.4634	-8.9678	-7.866	-3.598	-5.833	-3.4341	-8.6908	-2.6172	-8.1155	8.7394	0.57688	0.67607	-0.2283	-1.6437	8.4383	2.6089	-6.9835	1.5286	-3.5543	-3.8305	-6.2739	-7.4048	-4.6238	6.7618	-9.1793	-3.6991	-9.4799	-3.7378	-2.8442	-0.61942	-8.3187	3.9282	-7.4462	-7.2842	-3.0417	0.30441	-6.6648	-8.0092	9.0263	-6.3713	2.3497	-3.1514	-2.0825	-8.2614	10.508	-8.4522	1.303	-8.5226	3.8108	-7.8817	-7.7264	9.6008	-6.1153	-8.9824	-1.3784	0.18245	-7.9915	-5.7126	0.62138	-3.4791	-7.3527	1.2096	-2.6887	3.5455	-1.5172	6.4625	-8.7257	-8.2773	8.9448	-3.2228	-3.0802	-6.5378	0.24238	-4.9063	8.2646	-1.9766	-7.1047	-2.7826	-6.786	4.9216	-2.2351	-7.0249	-0.65676	-7.1658	9.5858	-4.1289	-3.8211	0.0069177
5.7827	6.1231	2.1441	-0.058216	7.2704	5.0108	4.5872	-1.0069	-3.1407	0.14318	-2.6295	0.77889	4.8557	-2.5879	-1.4553	-0.63477	-4.2615	-2.235	-2.0962	-6.6338	7.3315	-2.2792	9.9692	-0.2283	0.97653	9.2776	-3.9613	-4.0973	2.1205	-3.6174	4.2049	0.3944	-6.5068	-5.3442	-2.5137	-4.6912	-9.1275	-2.7985	5.1573	-2.8682	-2.6518	1.6138	-6.4938	-7.7697	-4.5228	-7.8663	-0.38402	10.758	-3.1858	0.30479	-2.3539	3.0628	-8.0566	-5.8704	-8.3868	-8.409	-7.9905	-1.2742	-4.3273	10.296	-4.2512	-6.5171	-8.1001	-4.4587	0.020838	6.7178	-0.42862	3.5115	-6.1605	-7.1686	2.9459	2.114	-8.096	-8.0348	-2.4538	-6.6125	-0.36942	-7.8433	-5.0604	-2.5922	-8.3166	-4.0036	-8.98	8.694	-7.9941	4.7837	3.7883	1.115	-8.6479	-4.8166	-2.3656	-8.7047	-6.6821	0.38155	-0.88211	-2.4783	-2.1278	-0.2579	-0.75029	0.14936
10.3	0.10554	6.4209	-7.5179	-1.8227	0.77239	-3.4472	-5.2188	-2.942	-1.4308	-3.6011	-3.985	-2.4932	10.145	-2.5866	-2.5677	6.0193	-4.1639	4.8638	-0.60003	8.5687	-4.1905	2.6905	-1.6437	9.2776	1.2104	3.6465	-7.8992	4.0301	-0.52291	0.10268	-2.067	1.8349	-2.8257	5.1847	-1.4811	-2.015	-0.82188	-5.4266	0.50074	-0.52321	0.73906	-4.0368	-4.5984	7.7732	-1.2458	-7.1566	-6.4683	-1.6648	-7.5765	10.78	0.3946	0.65329	-7.5944	0.19496	-1.4066	-0.22169	-8.5253	-3.3491	-2.763	-6.647	-8.3237	8.629	-7.1533	2.143	8.9836	6.812	-3.2381	4.0685	0.45385	1.8652	-2.9533	7.735	-6.1154	10.717	0.89603	-2.5351	9.9698	-8.6579	8.5419	-8.1714	-1.0439	-8.9604	-0.34013	3.676	-5.2007	-5.783	-1.7252	-2.3329	-8.1798	-3.3296	-3.8323	-3.6958	5.8613	11.366	-8.2185	-6.5376	-6.0573	0.72011	0.62752
-2.1339	-1.6437	-4.7205	6.0935	1.2187	-6.2909	-0.43769	-3.3006	8.2592	-6.226	-3.0456	-4.0857	-6.7903	-8.067	4.9304	6.1149	-2.3317	-1.4229	4.0363	0.55401	3.5311	7.8715	-0.37641	8.4383	-3.9613	3.6465	1.2321	-3.05	-2.6822	-2.924	-7.2941	-0.83045	-5.7245	0.60274	-3.49	-2.2971	-0.63873	-7.4648	5.3799	-6.3546	-4.1005	-8.673	-7.9116	0.4733	-0.81872	4.5785	-7.2972	-2.0502	-4.0042	-0.30746	-7.1331	-1.4684	-5.3383	-6.9689	0.58185	-0.72501	-3.4422	10.571	-3.5127	1.2421	-6.845	5.0619	-8.357	0.40716	-3.4529	0.67919	-3.1902	-4.9372	-6.5176	10.184	0.23092	-2.2738	-1.1054	-5.4243	-6.0866	-2.4546	0.93417	-4.7473	8.4092	4.2057	-0.50035	0.66425	-8.9038	-5.6644	6.2689	0.46929	-6.0401	-3.5869	2.2304	2.1918	-2.1254	-5.8276	-6.2858	-7.6226	-1.6158	-4.4905	-4.0763	-3.7507	-2.0159	-7.111
8.6543	11.422	9.5752	0.811	-1.4574	-7.2953	-2.0598	11.098	-1.0975	0.73249	-3.3842	4.8034	5.0744	-7.4653	-2.9733	-8.4364	-6.5928	-7.3426	-7.3856	-6.6623	-1.4441	-4.446	2.4462	2.6089	-4.0973	-7.8992	-3.05	1.9854	5.7288	1.1718	-3.3885	1.0819	-8.9267	8.0806	10.238	9.5109	-5.5518	-7.7964	0.39515	-6.7798	-2.697	5.1196	-2.0193	-1.1892	3.0536	-2.4462	-2.813	-0.82877	-3.3856	0.034155	1.7829	-0.11696	-5.5712	-7.9524	7.8944	1.1275	-3.9992	-7.3036	-5.7137	-2.9082	0.92623	7.8541	10.143	-3.1248	-0.57601	-5.1779	-5.6488	1.8952	-3.6328	-0.51421	3.2784	-2.2059	-5.1853	5.9708	-2.9433	-3.1551	1.0419	8.7992	-5.6369	-8.1422	-6.9277	-0.45409	0.70065	2.5864	0.70889	0.99462	6.1798	10.634	3.065	-6.2056	-0.20037	2.859	4.5959	-2.3841	5.2293	0.28321	-1.3703	0.80722	3.089	-1.5042
-6.8143	-0.36965	-6.4707	-7.1521	-1.9836	-1.4461	2.4826	10.996	0.86176	-6.6965	-3.8673	-7.2418	-2.7964	4.9076	0.59681	5.8537	-8.147	-7.8933	-4.8584	-6.0452	-4.3779	4.3688	-7.3326	-6.9835	2.1205	4.0301	-2.6822	5.7288	1.7204	9.6943	-7.0002	0.8842	-5.5686	5.052	0.72768	-6.5627	2.7684	-5.5766	-0.81198	-8.2192	0.060328	-2.5661	-4.5498	1.813	-2.8548	-4.6443	2.3787	8.2188	-1.1411	1.7636	4.914	0.87698	-5.933	-8.3086	2.854	-3.2344	-2.8047	-7.7118	1.1355	-0.63143	5.2616	-0.025487	-2.3851	-0.41786	8.4065	-4.9014	-7.6499	3.1208	-6.0749	-0.90734	-4.6188	-7.5765	-0.20198	-5.8708	-6.988	-0.93972	-0.27738	-4.7227	-7.4087	-2.3618	-8.3556	7.1585	0.79395	-7.7923	-2.2121	-1.8964	1.4024	1.1687	-7.8113	-3.1915	-0.4124	10.677	-3.2764	-6.5094	-2.3095	3.5511	-5.3572	-0.45498	-2.4967	-0.32321
-1.6488	-3.2303	7.5468	-5.0858	9.4045	-2.5166	-5.9442	-8.1372	-7.9714	-6.156	10.056	-6.8913	-0.067023	-2.832	-2.5894	-7.5408	-8.336	-1.1331	6.9547	7.996	1.652	9.0873	0.85095	1.5286	-3.6174	-0.52291	-2.924	1.1718	9.6943	1.8044	2.7216	0.27655	-0.074786	3.2614	-5.7494	-0.37487	-3.2858	-2.581	-6.1002	-4.6059	-3.3573	0.76751	-6.4178	-5.4248	-2.1076	-1.8272	-3.9938	7.9475	-2.3568	1.8035	0.95582	-3.5168	-7.8959	0.28704	-1.927	3.2542	8.0447	-0.63366	-2.862	2.8382	-0.17338	-0.94434	-4.1489	-7.7748	-0.065734	8.297	-0.88598	-1.7766	-6.9936	-7.8836	-3.1895	9.3656	-0.63252	-8.72	0.088088	-1.6845	0.058537	-5.5494	-3.8606	-4.2262	-4.6312	4.8436	6.483	-3.1151	-5.1333	-5.6164	-5.2549	6.1424	-5.0687	0.36003	0.94044	10.796	-5.2165	-3.4158	7.2537	-0.24261	0.017049	-6.955	0.32067	-5.9933
-4.391	9.6914	1.337	6.836	-3.5277	-3.1499	-3.7515	-1.0373	8.5733	-8.7487	5.1691	-7.2535	-1.5023	-0.77352	-5.4228	-4.221	-7.1369	-5.7281	2.9288	-4.5659	8.7413	-3.6855	9.892	-3.5543	4.2049	0.10268	-7.2941	-3.3885	-7.0002	2.7216	1.1065	-5.6879	-2.2025	0.79483	-6.1374	3.7929	-4.7301	-4.4527	-7.2856	1.967	-4.6383	-7.1036	-3.1002	-0.033081	-5.2296	-4.4013	-8.6074	0.21212	-3.3087	-8.7866	-4.2574	-7.1844	-9.1508	-8.7414	-3.1426	-2.5102	-4.9706	-8.1322	-0.71728	2.9531	2.1089	0.94597	2.9847	-2.1639	0.58791	-7.1744	-7.3696	8.0876	8.6208	-4.5765	-4.6307	-1.119	-2.4525	-0.1037	7.1148	-2.9792	-3.0751	-7.2025	-2.6752	-5.1518	-6.9424	-7.2668	-2.7164	6.6481	-0.97005	-5.4817	7.8832	-6.4451	-7.7636	5.8333	-6.0963	-3.0411	0.41356	-1.6201	-0.20446	-2.5876	-4.8292	-2.4624	-8.0398	-4.9639
6.7632	-0.75539	-2.2625	-3.119	0.42061	-1.5814	-2.5228	6.6445	-7.7148	2.8348	-2.8718	-4.3625	0.52935	-0.49684	-8.0369	-4.8815	0.74041	6.8566	-8.0728	-8.6764	10.718	-0.35865	-7.2521	-3.8305	0.3944	-2.067	-0.83045	1.0819	0.8842	0.27655	-5.6879	1.0108	-6.4474	-5.1456	-0.97362	-3.3455	3.2091	-5.9654	0.42853	1.2242	-4.6419	-6.7373	-0.93141	-6.1479	8.2595	4.3577	6.4828	1.0202	-3.3288	3.9412	8.7836	-3.096	-8.1195	-7.4061	9.4409	-4.7215	-6.765	-4.4882	-0.4369	-1.0755	5.1745	9.6622	-4.3213	0.53508	-2.2386	-1.5596	-0.98267	0.12159	0.71283	-1.1746	-6.709	6.92	6.9311	-8.9634	-9.0246	-8.2029	-2.4644	0.68981	-1.9087	-8.8432	10.394	-4.5463	-7.5147	-6.6536	0.15153	9.2057	-8.3883	3.5628	-4.2332	-1.3113	6.8135	-2.7412	6.5382	4.667	-0.89668	-0.95069	-4.3622	-8.4175	1.4453	-6.8826
6.2201	1.4399	-8.856	-2.3132	3.5492	8.1191	6.4463	-6.5093	1.8921	8.9165	9.2006	-6.5622	-8.7184	0.62231	0.46539	7.0239	-8.7643	-4.6049	-9.1449	6.1051	-5.0702	-3.7229	8.5239	-6.2739	-6.5068	1.8349	-5.7245	-8.9267	-5.5686	-0.074786	-2.2025	-6.4474	0.10591	1.5691	0.049947	-1.8098	-0.29908	-6.1584	-7.955	-1.8273	-7.1214	-5.0759	6.4269	-2.7197	-7.9252	-5.6299	-6.9088	5.9794	-3.3432	-0.96435	-0.99022	-5.0702	-4.9789	-7.7643	-8.9881	-3.1091	-3.8749	4.4007	6.0653	-3.872	6.5175	0.23226	-0.94199	9.3184	-9.1295	-6.64	-7.9211	2.9579	-3.9898	-6.5026	-7.8007	5.2668	-5.5514	-3.9017	7.7545	8.5962	-0.58577	-5.4873	-6.8757	3.3346	-6.6162	-3.3563	7.015	4.3135	-1.8866	-0.89675	-9.7598	-4.2858	-7.8306	-6.1315	0.0020907	-5.526	-3.0398	9.438	5.6729	-0.80811	10.267	-9.5117	1.076	10.536
-4.8218	-5.7054	0.99579	-2.7526	-1.3983	-2.2642	-8.5839	-6.2277	3.812	-4.3859	-6.4353	3.6679	-7.9618	-0.46086	1.5913	-3.5748	-6.7476	-7.3785	-1.229	-4.0342	-5.283	-9.3865	-2.6354	-7.4048	-5.3442	-2.8257	0.60274	8.0806	5.052	3.2614	0.79483	-5.1456	1.5691	0.70835	-1.1345	-9.3138	-5.5694	-1.1278	8.7666	-2.237	-0.82604	-2.5531	-2.6809	-4.1064	0.96611	0.4545	-2.2999	7.5756	9.9556	-5.7179	-4.8376	0.50017	10.32	-3.2238	9.8166	-0.5421	-8.2015	-2.1018	-3.0882	-4.2547	-3.2795	-3.1188	4.6172	8.071	10.54	6.8859	3.3029	-0.038036	-4.1369	-7.8428	-6.6784	-8.3302	5.9844	7.6799	-8.7104	-7.4231	-0.086784	-8.6644	-5.1318	-4.8971	0.90752	0.55843	-8.9552	1.1106	-3.4955	-3.5084	-6.0857	-3.1873	-3.948	0.64359	-1.0398	-3.8226	-3.2604	-3.9558	-1.1641	9.8353	-2.8701	6.9012	-4.354	5.4853
4.2777	-3.1114	-8.1521	-3.5149	0.3223	-4.9427	-5.1948	-3.2609	-1.1342	2.335	6.6947	-3.0283	-1.7681	-1.3728	-0.12631	-1.8856	-5.5673	-3.8391	2.5834	-5.2129	-0.90905	1.2496	-4.3168	-4.6238	-2.5137	5.1847	-3.49	10.238	0.72768	-5.7494	-6.1374	-0.97362	0.049947	-1.1345	1.5256	-0.5492	1.2752	1.3895	5.2585	2.3089	-3.5351	-3.2399	10.008	-4.2309	-8.057	10.838	-4.5103	-3.8427	-1.4386	-7.4104	6.4098	-7.5074	8.7009	-0.061581	-0.16821	8.3938	-2.1969	10.425	-4.542	-8.5145	1.4013	-1.641	-6.5894	-5.6956	-4.348	9.4807	-6.487	1.7057	1.3657	-1.8873	-6.9291	-7.2309	-2.4614	-3.1822	-6.8461	-6.7949	-3.6161	8.5559	-6.6237	-0.7386	-8.1375	-6.6609	0.17858	4.1291	-0.28513	-7.6112	-5.3912	-7.1512	-5.0082	-5.2084	-3.3964	-4.283	-1.9139	-1.3445	0.76955	-2.8076	8.2634	0.76618	-1.3356	-3.6981
-8.8165	7.1044	-8.4993	-5.12	-4.3051	-1.0405	-5.3977	5.2183	-8.5774	10.453	0.30208	-5.0662	-6.2541	-5.801	9.5951	10.031	-3.1346	-6.8565	-4.1943	9.1486	-3.8999	-2.0498	3.1964	6.7618	-4.6912	-1.4811	-2.2971	9.5109	-6.5627	-0.37487	3.7929	-3.3455	-1.8098	-9.3138	-0.5492	0.65393	4.8658	-1.1906	-1.9786	-6.1184	-5.8577	-1.4597	-3.5328	-3.0634	-0.82387	-6.3024	-6.386	-3.8618	-4.1811	-1.7533	9.1678	-4.4943	-8.5484	-4.8878	-4.8077	-6.3421	6.5157	-3.1664	-3.6102	-6.7807	-8.4554	-7.2778	-2.1175	-8.2733	7.6946	-6.4832	-5.5063	-0.96477	0.77649	-1.4597	-1.4709	-0.77543	-5.2136	-4.6441	-3.9416	-6.9947	-3.0627	-8.077	-8.3042	-8.3749	6.1904	-6.7459	6.8819	-6.725	-6.7141	5.5704	7.6647	7.9957	-1.7253	-7.0414	-1.0192	-8.9163	-3.4503	-1.4735	10.437	-8.0025	-7.6236	-5.9399	8.5903	-5.2358
-1.8972	-6.95	-2.8105	-5.8404	-2.1333	-5.5768	-7.414	3.5229	-4.0203	8.1678	-2.162	-1.5436	-3.5998	7.4608	-4.1795	-1.6418	7.7284	-6.4964	0.37046	-3.6068	4.8779	3.5376	-8.2289	-9.1793	-9.1275	-2.015	-0.63873	-5.5518	2.7684	-3.2858	-4.7301	3.2091	-0.29908	-5.5694	1.2752	4.8658	0.16447	0.67923	-7.9383	7.0871	4.9276	-8.4852	-6.3047	6.3066	5.5039	-6.8107	-2.6865	2.9838	-9.0662	7.0902	-6.8306	-0.19032	-9.6049	-3.9363	-3.6266	-3.425	-1.3737	5.0715	-2.8253	-0.4237	2.9575	8.3465	-1.2576	2.5221	-6.158	4.0494	6.4466	3.9394	-1.1128	-8.5748	5.6401	-0.92012	6.3864	-9.5414	7.9392	-7.6741	0.34944	-5.9687	-3.9949	-8.903	-0.96583	-5.4226	-8.1747	-7.7439	-5.0221	-1.7599	-5.5054	-2.9842	2.5283	-8.4722	4.4965	-5.6556	-6.1249	-7.5295	-0.51551	-0.1276	-7.4193	0.27567	-3.4368	-3.7013
-2.0525	-3.1221	-6.4562	-6.2422	2.4667	-3.804	3.0658	-1.6205	9.8873	0.26496	10.265	0.4063	3.3327	-3.3876	-6.55	8.1378	-6.4239	10.673	5.2136	9.4605	-4.9135	-0.57047	-0.21112	-3.6991	-2.7985	-0.82188	-7.4648	-7.7964	-5.5766	-2.581	-4.4527	-5.9654	-6.1584	-1.1278	1.3895	-1.1906	0.67923	0.94694	-4.3718	8.7249	-7.4225	-8.6618	6.8899	-1.7329	-6.4245	9.2656	-8.4721	-5.2555	3.553	-7.7437	1.5139	-6.183	5.9066	-1.3747	-1.3229	-6.7561	-5.4065	-6.197	4.9855	-7.7094	-8.8373	-2.509	0.32676	-7.3657	-4.7138	-1.6811	-8.21	-4.2292	-1.2098	-8.9997	-8.5534	-5.0795	9.1866	5.9888	-7.3684	7.4345	-5.296	-8.3653	4.7251	-1.2988	2.8191	-9.1591	-8.5668	-1.4478	0.2879	-4.7806	-1.4305	-3.8312	0.67693	-8.2527	-1.6637	-6.5119	0.39451	-6.0767	5.1057	4.1093	-7.778	-8.5762	-2.2988	-6.2998
4.709	-3.4337	-7.1164	-1.3878	-8.1128	-3.3322	-7.2899	-6.5564	-2.2138	-1.6693	-8.3349	-6.9013	1.843	-4.3402	4.8601	-0.026255	3.8393	-4.7626	-7.8036	-0.9404	-0.67656	-9.6112	-7.4001	-9.4799	5.1573	-5.4266	5.3799	0.39515	-0.81198	-6.1002	-7.2856	0.42853	-7.955	8.7666	5.2585	-1.9786	-7.9383	-4.3718	0.19834	7.3166	-7.75	-0.71572	-3.1533	-1.5643	0.24418	-1.9889	-7.1307	6.1262	-5.4701	4.7576	-7.9402	-0.43628	-8.6056	5.1047	2.888	-2.4769	-4.8145	-0.75184	-8.5377	-2.2146	-4.6573	-0.84455	9.3113	8.0434	-3.0713	-6.7783	-7.3354	-6.6913	-5.3396	-6.574	10.234	-2.183	-3.5598	-5.0122	-0.50424	-2.5647	-1.6125	8.5229	1.47	-6.4325	-6.6306	-3.3002	-0.99635	-0.43921	1.0327	8.3962	4.551	5.6122	-4.6655	-4.6452	4.4549	-7.8256	-9.4263	3.3399	-5.2719	8.8624	4.9223	-8.2065	3.3348	-5.1408
-2.5364	-4.9192	-7.7274	-6.2841	-3.0547	-2.6241	-4.1203	-8.1786	-2.8243	10.853	-0.89224	5.0377	-4.8838	-0.64177	0.54941	-2.7595	-7.0443	10.973	-6.2172	7.5957	-2.0923	7.904	-6.5192	-3.7378	-2.8682	0.50074	-6.3546	-6.7798	-8.2192	-4.6059	1.967	1.2242	-1.8273	-2.237	2.3089	-6.1184	7.0871	8.7249	7.3166	1.6406	-6.9599	-2.5588	0.84039	-2.8393	7.2779	-4.4414	-2.1034	1.1803	-4.2534	-0.44296	-0.97106	-6.9731	3.1711	-4.0452	-3.8554	7.413	-7.6633	5.8853	-1.2103	-1.9429	11.12	2.2535	-8.0698	-1.4105	3.0222	-5.608	-4.7669	-0.040894	11.197	-4.7827	0.84802	-7.6605	1.9837	10.886	-0.31184	-2.4652	-0.05983	-7.0473	-3.7884	-7.1133	-3.6292	-4.9778	-3.2972	-2.3202	-0.6403	-3.0901	7.0532	-1.9515	-8.6985	1.2961	-2.9565	10.383	4.9328	4.8827	-3.8762	0.23601	-3.1371	-1.9508	-4.3043	-7.2721
8.4863	-2.6058	-7.1972	0.90316	-3.5972	-5.3813	0.94472	-7.927	-4.4104	-6.3213	2.2442	-7.6115	-6.6942	-5.2371	-1.7323	-0.72503	1.6086	-6.2593	-2.0504	0.33097	6.5249	-7.3222	0.57723	-2.8442	-2.6518	-0.52321	-4.1005	-2.697	0.060328	-3.3573	-4.6383	-4.6419	-7.1214	-0.82604	-3.5351	-5.8577	4.9276	-7.4225	-7.75	-6.9599	0.67371	9.3478	-3.0779	-1.1438	9.5306	-5.5565	-9.3308	1.872	-5.5673	-1.5791	-6.6516	10.208	7.9512	-5.0926	9.6013	1.9346	-8.1443	-5.3541	-5.7917	-3.3691	-4.4922	-7.3494	9.8697	-3.7135	-3.6082	-7.1364	6.4871	-7.2905	-5.8534	-4.6891	8.9442	-0.56729	4.0965	-4.2413	-6.6111	4.1199	2.2826	-2.1302	2.0134	-7.5282	-6.0057	-0.14049	1.3365	-5.3673	-6.2002	-1.3476	-0.015628	10.096	-6.9217	6.538	-7.0283	-8.8879	-3.9494	-7.6724	7.4831	-8.4079	3.3105	-8.99	-4.8454	-2.4838
8.316	-1.7922	-1.043	-4.2884	-2.8123	-7.979	5.4274	-4.4557	2.2238	-6.3278	10.484	-6.9725	-7.1827	-7.768	8.4719	-1.6056	-0.083173	-3.9157	-1.8261	1.6212	-0.42621	9.0674	-2.3288	-0.61942	1.6138	0.73906	-8.673	5.1196	-2.5661	0.76751	-7.1036	-6.7373	-5.0759	-2.5531	-3.2399	-1.4597	-8.4852	-8.6618	-0.71572	-2.5588	9.3478	1.4003	-5.8867	-3.0335	2.6075	-5.2891	-1.6487	-2.9509	-0.32228	0.9674	-4.4601	-3.0223	10.086	-3.1624	10.477	-1.2694	3.2583	-5.5295	-6.9007	0.79161	1.2122	-4.7133	-3.7367	9.0569	-0.91144	4.6344	-4.9732	-5.7589	9.1824	-1.0541	-5.57	-6.217	-5.5258	-4.6064	-4.2234	4.2529	-6.3385	-5.9535	-8.5846	5.2575	-0.3103	4.5264	-6.9786	-4.1525	-0.21652	0.16387	-0.62306	-0.57722	-7.0219	-5.3451	0.65297	7.1393	-3.8492	3.2169	4.1905	6.8149	7.5515	2.2449	-3.2184	-6.6638
-5.2463	-2.6436	10.029	6.3024	-7.7011	-2.9677	-8.0456	-2.9947	-9.0023	2.558	-0.27204	-4.8498	-9.2245	2.8624	-1.9097	-7.2767	-0.44159	-5.4917	0.47808	-1.7884	6.1957	-1.5422	0.75835	-8.3187	-6.4938	-4.0368	-7.9116	-2.0193	-4.5498	-6.4178	-3.1002	-0.93141	6.4269	-2.6809	10.008	-3.5328	-6.3047	6.8899	-3.1533	0.84039	-3.0779	-5.8867	0.73647	-1.3051	1.7744	4.4569	-4.7098	-1.7112	-8.5173	-6.5637	-7.3259	6.5152	2.4757	-2.2699	-3.895	-1.4444	-0.74229	-8.5596	-0.65254	-6.403	-3.5756	-4.5592	-3.4137	-4.2612	-0.80541	-7.9671	-8.2927	-8.6015	7.4415	-7.8982	-3.9212	-8.7818	-0.77604	4.7734	4.8327	-7.5288	-4.1827	-0.43041	-8.3541	2.9675	0.24525	-6.9347	-2.9785	7.4608	-2.6895	-6.9557	-3.93	-7.4459	-8.8734	-4.8444	-7.2096	0.10645	-8.8513	-5.9302	-4.1481	-3.861	5.705	-6.8648	0.87474	-8.7588
1.0329	-1.8655	-6.158	-5.3227	1.6323	-3.403	-4.7456	-1.1639	10.286	-3.8158	-1.1036	0.67534	-0.086693	-2.4024	-7.1667	-4.9332	10.066	-5.3198	-2.2278	9.8286	-5.7739	-3.1929	0.6711	3.9282	-7.7697	-4.5984	0.4733	-1.1892	1.813	-5.4248	-0.033081	-6.1479	-2.7197	-4.1064	-4.2309	-3.0634	6.3066	-1.7329	-1.5643	-2.8393	-1.1438	-3.0335	-1.3051	1.3334	-5.5381	-2.5811	0.398	8.4978	-0.027239	-2.8723	5.1178	-4.8413	-4.6964	-5.7203	-2.1429	3.6999	-3.1665	-0.14781	-5.7443	0.18361	1.0332	-8.4063	10.373	5.584	4.9967	-1.3192	-8.0293	-6.8062	0.47205	-1.1264	-7.7087	0.53001	-2.607	8.173	8.342	1.7409	-1.0899	-7.0241	5.6747	-8.4885	9.9219	6.7322	-3.3327	1.4704	-2.8938	-5.8993	8.3055	5.0958	-3.5486	-2.3945	-3.5367	-8.8783	9.2878	-1.2079	1.6849	2.4442	5.8186	-2.1163	1.4654	6.5277
-3.5101	1.8731	1.0873	-1.4788	9.058	-4.6751	8.5324	-2.9116	-7.3465	-7.4628	-5.4145	-8.225	7.2113	-8.6645	6.3793	-3.8411	-7.3794	-2.1179	-0.17879	-4.6029	5.3966	9.692	0.077133	-7.4462	-4.5228	7.7732	-0.81872	3.0536	-2.8548	-2.1076	-5.2296	8.2595	-7.9252	0.96611	-8.057	-0.82387	5.5039	-6.4245	0.24418	7.2779	9.5306	2.6075	1.7744	-5.5381	1.2198	-2.8217	6.0172	0.52754	-7.1653	8.3426	2.8939	-0.036357	6.0463	4.7262	-6.0942	-2.8581	6.2211	-5.8971	-0.38532	-3.8287	6.0018	-6.4817	3.502	8.573	-8.8458	-6.0543	-8.7495	0.68642	-5.4018	7.4423	-1.4747	5.5757	-0.060474	6.8057	-2.7446	5.4358	6.5005	7.7297	0.41435	-4.5013	-2.1485	5.4612	0.30222	10.44	-8.1576	-1.0443	-3.6737	-0.71571	-1.8666	-2.4657	-0.71736	-1.1871	-5.7735	-7.9608	-2.8628	-7.5313	-1.003	4.4908	-2.693	10.763
-5.4131	-6.3811	0.14825	3.5215	0.59935	1.0141	-0.93004	9.2732	9.4374	-6.6421	3.6983	10.382	1.1388	-3.1111	-3.7117	-7.8612	-3.797	-6.4349	-1.3106	-5.2644	-3.3617	-0.29458	-5.2946	-7.2842	-7.8663	-1.2458	4.5785	-2.4462	-4.6443	-1.8272	-4.4013	4.3577	-5.6299	0.4545	10.838	-6.3024	-6.8107	9.2656	-1.9889	-4.4414	-5.5565	-5.2891	4.4569	-2.5811	-2.8217	1.1165	4.3062	10.992	-3.2002	-1.6078	0.70055	-4.1598	-8.5348	9.0578	-3.3743	-3.2439	-2.8389	2.8386	11.237	2.6921	7.624	-5.876	1.6097	-4.987	4.7135	6.231	-7.9796	4.9022	-7.5567	-1.4395	-8.2721	-4.7326	0.51267	-3.7462	-8.7451	-6.8527	-0.66212	2.3486	7.1689	-6.3822	-1.4169	-5.5647	0.3635	-3.802	-2.8083	-1.1865	-6.1602	-0.24339	-9.0822	-2.8522	-3.0123	5.9184	8.3573	-2.3758	1.3667	-2.03	4.4789	4.6069	-7.0122	-8.7334
-6.9426	-6.3142	-7.8348	-4.0643	-1.5158	-7.7035	-7.1756	-6.3523	-5.0415	-5.8688	-6.1743	-9.5564	-7.7313	-6.4318	-3.5869	-3.9756	-9.1392	-7.2244	-0.56671	-4.5019	-7.7404	0.97726	8.5699	-3.0417	-0.38402	-7.1566	-7.2972	-2.813	2.3787	-3.9938	-8.6074	6.4828	-6.9088	-2.2999	-4.5103	-6.386	-2.6865	-8.4721	-7.1307	-2.1034	-9.3308	-1.6487	-4.7098	0.398	6.0172	4.3062	0.21635	-7.4967	1.0017	1.736	0.50863	-2.3219	-5.9067	-6.1649	-6.7574	-7.8301	-0.39048	-2.1932	-8.7479	-2.1782	8.5525	-5.3191	-7.372	-3.6105	-2.4528	-8.0848	10.162	-3.0532	-7.1268	-9.4488	9.1301	-2.2079	3.9953	-5.1291	-6.431	-1.1452	8.5955	4.5525	-8.9377	-4.3987	1.1034	-8.6729	-8.9806	-4.5587	-7.2719	-6.8651	-7.5431	-7.3656	8.9894	0.78105	-1.7197	1.6957	-4.2513	-0.90761	1.0648	6.3026	2.7404	6.5734	-4.663	-0.29908
11.108	0.013079	-3.7154	-4.6598	-3.9965	-6.6607	-2.0416	-0.067828	5.2833	-2.6187	-8.6936	-7.1399	2.1975	-4.6789	5.7415	-6.8831	3.0366	-2.6118	-4.0253	-4.7021	-8.0719	-4.249	3.1242	0.30441	10.758	-6.4683	-2.0502	-0.82877	8.2188	7.9475	0.21212	1.0202	5.9794	7.5756	-3.8427	-3.8618	2.9838	-5.2555	6.1262	1.1803	1.872	-2.9509	-1.7112	8.4978	0.52754	10.992	-7.4967	1.5441	-3.5772	-1.4331	-1.3296	-7.1022	-0.57314	10.254	-3.2193	-4.8636	-6.6386	-5.4155	-7.4214	-3.037	4.5409	-4.5982	-5.5325	-2.0545	4.9032	-7.0242	5.5521	-5.0296	-3.96	-8.8395	11.419	-5.8515	-7.2711	-2.9498	-3.5799	3.2218	-2.0359	-6.864	-1.5501	-4.5309	-8.5121	3.9612	-2.7695	-3.8873	-0.17804	0.27855	-7.9088	-2.7755	-6.2016	-4.2942	-3.7502	1.1323	-5.4088	-2.1178	-7.4058	9.326	-2.7527	-1.8753	-4.0366	-7.1363
0.23081	-2.1147	-3.3551	-0.88463	9.7309	-7.8409	-1.1431	-6.9856	8.1012	5.8294	-1.4741	-5.3448	-2.6722	4.9833	5.2259	-8.107	-0.49335	-8.2987	3.7119	0.56832	11.016	-0.42755	1.9038	-6.6648	-3.1858	-1.6648	-4.0042	-3.3856	-1.1411	-2.3568	-3.3087	-3.3288	-3.3432	9.9556	-1.4386	-4.1811	-9.0662	3.553	-5.4701	-4.2534	-5.5673	-0.32228	-8.5173	-0.027239	-7.1653	-3.2002	1.0017	-3.5772	1.26	2.4136	-5.6584	-6.7603	-0.82105	10.629	-5.6577	3.0969	-1.572	7.4771	-4.6563	-4.7894	-2.2727	-6.7151	2.8584	-8.1169	-7.6262	-2.6932	-0.39938	-4.765	9.8189	4.8813	-6.7334	9.1119	3.1993	7.0873	-7.1835	1.4898	6.3687	-7.1002	3.2553	-1.6179	-7.5713	-4.1532	-6.0858	10.245	-6.2395	8.1654	6.2318	6.886	-0.44464	-2.5424	-1.9647	0.86611	-8.1532	7.8471	-0.678	-3.5902	-0.9589	-0.36469	-5.4598	-0.19012
-7.6335	0.74855	-0.16709	-2.5971	-7.1611	6.2814	-0.63488	-1.6246	-2.5532	9.1469	-0.81469	-8.878	1.2473	-1.6234	-8.6665	9.1179	-6.3342	0.12778	-2.3992	0.89427	-2.9575	-1.1753	9.3884	-8.0092	0.30479	-7.5765	-0.30746	0.034155	1.7636	1.8035	-8.7866	3.9412	-0.96435	-5.7179	-7.4104	-1.7533	7.0902	-7.7437	4.7576	-0.44296	-1.5791	0.9674	-6.5637	-2.8723	8.3426	-1.6078	1.736	-1.4331	2.4136	0.62417	8.0274	-8.159	-8.0748	-3.9121	-3.7399	-2.3562	-3.3989	6.4085	-7.7341	-2.1729	4.7402	-1.1716	-1.4112	0.47445	6.171	-4.1167	-0.025937	8.4879	-2.1242	-8.807	-8.8506	1.4939	7.5228	-0.88253	3.106	-1.75	-1.5031	6.9132	-2.1197	0.55078	-1.5689	-8.6107	-3.1653	-0.3659	-0.76258	-6.9359	-1.5611	-8.9125	-5.3612	2.8209	-7.4485	-1.7456	-3.8002	-6.9353	-3.799	-8.8598	-3.142	-2.6219	-4.133	-3.1812
5.342	-7.9424	7.7471	3.4683	9.4463	5.6821	10.183	-5.8291	-6.7972	-5.759	-3.523	5.8726	5.6384	-1.8136	1.2533	-5.8856	-5.9068	0.91722	0.64326	-6.2497	-7.8568	0.54393	-0.97803	9.0263	-2.3539	10.78	-7.1331	1.7829	4.914	0.95582	-4.2574	8.7836	-0.99022	-4.8376	6.4098	9.1678	-6.8306	1.5139	-7.9402	-0.97106	-6.6516	-4.4601	-7.3259	5.1178	2.8939	0.70055	0.50863	-1.3296	-5.6584	8.0274	1.7417	-6.2873	-6.6426	-2.2775	-3.1494	-1.97	7.199	-2.4085	-7.9888	6.0026	8.4077	7.9363	-3.5683	-1.7076	-3.7351	-7.3793	3.0605	-2.1206	-5.2938	-5.9075	-7.6714	-8.0318	-4.147	-6.96	8.4302	-5.6054	-4.9569	0.54773	-5.8952	9.5311	-0.63735	4.7529	-1.082	-1.3061	-2.323	-4.998	-2.9573	-4.9515	8.1621	8.5065	-8.4594	-2.9836	-5.6644	11.499	0.14314	7.1814	-1.4118	-1.1085	7.5332	2.6953
