0 -293 -64 -179 -196 -64 -262 -64 -196 -179 -64 -293
-293 0 -293 -64 -179 -196 -64 -262 -64 -196 -179 -64
-64 -293 0 -293 -64 -179 -196 -64 -262 -64 -196 -179
-179 -64 -293 0 -293 -64 -179 -196 -64 -262 -64 -196
-196 -179 -64 -293 0 -293 -64 -179 -196 -64 -262 -64
-64 -196 -179 -64 -293 0 -293 -64 -179 -196 -64 -262
-262 -64 -196 -179 -64 -293 0 -293 -64 -179 -196 -64
-64 -262 -64 -196 -179 -64 -293 0 -293 -64 -179 -196
-196 -64 -262 -64 -196 -179 -64 -293 0 -293 -64 -179
-179 -196 -64 -262 -64 -196 -179 -64 -293 0 -293 -64
-64 -179 -196 -64 -262 -64 -196 -179 -64 -293 0 -293
-293 -64 -179 -196 -64 -262 -64 -196 -179 -64 -293 0
